0.34697964787483215
0.35735464096069336
0.4134295582771301
0.44436129927635193
0.4573807716369629
0.39088425040245056
0.4412384331226349
0.36406880617141724
0.38223493099212646
0.39586108922958374
0.2856981158256531
0.42461079359054565
0.35576480627059937
0.3670997619628906
0.34848374128341675
0.4327927231788635
0.34685662388801575
0.34080401062965393
0.37374964356422424
0.47820091247558594
0.39752197265625
0.45130518078804016
0.4395650029182434
0.46026504039764404
0.3941054344177246
0.39673087000846863
0.4122079610824585
0.41437584161758423
0.405474990606308
0.4143640697002411
0.43380486965179443
0.45262008905410767
0.42743921279907227
0.3964660167694092
0.4142645597457886
0.432677686214447
0.478698194026947
0.350932776927948
0.38674041628837585
0.32368791103363037
0.349226713180542
0.4020591378211975
0.4096290171146393
0.37963390350341797
0.4009953737258911
0.2892860770225525
0.3739827871322632
0.3631914556026459
0.4031468629837036
0.363700270652771
0.43280112743377686
0.4747239649295807
0.3817722797393799
0.40801548957824707
0.43620651960372925
0.4718923270702362
0.4218031167984009
0.3798075318336487
0.36601710319519043
0.4003866910934448
0.40082186460494995
0.41991233825683594
0.39203715324401855
0.3762476444244385
0.35874122381210327
0.46178606152534485
0.4120534658432007
0.302428275346756
0.4212920069694519
0.40979284048080444
0.3833606243133545
0.35592538118362427
0.3756462335586548
0.39361315965652466
0.40855807065963745
0.44647783041000366
0.3367935121059418
0.45653143525123596
0.41006648540496826
0.43575552105903625
0.46434515714645386
0.3066099286079407
0.3848842680454254
0.34342849254608154
0.44165700674057007
0.3443097472190857
0.37988966703414917
0.34379512071609497
0.4254719614982605
0.3808419406414032
0.3642275333404541
0.36012428998947144
0.4510606527328491
0.28081178665161133
0.4420222043991089
0.424468457698822
0.3457690477371216
0.45197904109954834
0.3244166374206543
0.39419320225715637
0.4443645775318146
0.37795788049697876
0.41314858198165894
0.4454624056816101
0.3855656087398529
0.42303985357284546
0.3967844545841217
0.4215986430644989
0.37972959876060486
0.3926351070404053
0.4225897490978241
0.35431861877441406
0.36335575580596924
0.4099782407283783
0.43964657187461853
0.3503134548664093
0.386955589056015
0.46905380487442017
0.48525020480155945
0.38894474506378174
0.36751148104667664
0.4067400097846985
0.32649266719818115
0.3983685374259949
0.3758273720741272
0.3826003074645996
0.488345205783844
0.37854522466659546
0.37808364629745483
0.4461430311203003
0.47295838594436646
0.41321247816085815
0.4636491537094116
0.42262470722198486
0.4311999976634979
0.4499020576477051
0.43079328536987305
0.2910909652709961
0.3967042565345764
0.38639378547668457
0.34532952308654785
0.42800793051719666
0.3881840705871582
0.4048936069011688
0.3536275029182434
0.37052667140960693
0.3909072279930115
0.40092945098876953
0.3745514154434204
0.38605281710624695
0.37756526470184326
0.4591138958930969
0.45003101229667664
0.47791406512260437
0.4695248603820801
0.4043204188346863
0.3731957674026489
0.4334030747413635
0.4112171530723572
0.4320584833621979
0.4521464705467224
0.4071422219276428
0.40317797660827637
0.4386780560016632
0.37881210446357727
0.3013690710067749
0.42295652627944946
0.38447338342666626
0.38750043511390686
0.4134930372238159
0.425733745098114
0.3683595657348633
0.3756334185600281
0.371860146522522
0.4390721321105957
0.3624844551086426
0.45491325855255127
0.3730928599834442
0.38983818888664246
0.36603328585624695
0.3593922257423401
0.3434758186340332
0.407522976398468
0.40960773825645447
0.3876826763153076
0.3636322021484375
0.37083056569099426
0.4169357717037201
0.3156090974807739
0.3370925188064575
0.41183340549468994
0.42594921588897705
0.33997881412506104
0.44142016768455505
0.3541835844516754
0.35223472118377686
0.38096970319747925
0.3838125467300415
0.35677728056907654
0.457612544298172
0.3957328796386719
0.3662852644920349
0.3395237624645233
0.34856751561164856
0.4055011570453644
0.3965423107147217
0.42118096351623535
0.47049182653427124
0.4313715100288391
0.3536190390586853
0.41696128249168396
0.4238375723361969
0.3861304819583893
0.4070413112640381
0.3418530821800232
0.4033060073852539
0.3827037811279297
0.41951125860214233
0.4472612738609314
0.41390305757522583
0.3592164218425751
0.39509230852127075
0.35239142179489136
0.3882717192173004
0.4251464605331421
0.35708552598953247
0.29224956035614014
0.4176807999610901
0.4136962294578552
0.353534072637558
0.31980788707733154
0.42907845973968506
0.3935832381248474
0.3613564968109131
0.3484688997268677
0.41693365573883057
0.39322274923324585
0.4323522448539734
0.4428286552429199
0.3098496198654175
0.3790869414806366
0.4012017846107483
0.4188825488090515
0.4176512658596039
0.38984596729278564
0.4027235507965088
0.43877214193344116
0.3662237524986267
0.3791871964931488
0.3793644905090332
0.4564380347728729
0.3815789818763733
0.341499924659729
0.42249149084091187
0.485775351524353
0.4186607897281647
0.39801979064941406
0.38594794273376465
0.3482162356376648
0.3766607642173767
0.4444115459918976
0.4479195475578308
0.4129485487937927
0.42653506994247437
0.3691427409648895
0.37932220101356506
0.3191758692264557
0.44366753101348877
0.44855254888534546
0.34493762254714966
0.33393552899360657
0.4181656837463379
0.41911372542381287
0.32680994272232056
0.48462170362472534
0.46658122539520264
0.3994676470756531
0.33961981534957886
0.3872239589691162
0.37474507093429565
0.3916003704071045
0.4244001805782318
0.39670687913894653
0.4073418378829956
0.36444640159606934
0.41225677728652954
0.3724331557750702
0.4177404046058655
0.37918034195899963
0.4304666817188263
0.3509763479232788
0.44922685623168945
0.44324952363967896
0.4044390916824341
0.42053884267807007
0.4430091977119446
0.4068833589553833
0.38499656319618225
0.4176703691482544
0.43101829290390015
0.39356639981269836
0.4025726318359375
0.3277602195739746
0.45991846919059753
0.38955026865005493
0.42815500497817993
0.3405442535877228
0.43042832612991333
0.38347163796424866
0.42713189125061035
0.400729238986969
0.36270755529403687
0.44304966926574707
0.3668186664581299
0.35167041420936584
0.3715381324291229
0.40686213970184326
0.3877410888671875
0.4041058421134949
0.4499269425868988
0.4195597171783447
0.4546186923980713
0.4144749939441681
0.4537850320339203
0.2821771204471588
0.4440958499908447
0.4341236352920532
0.46235543489456177
0.4305935502052307
0.41793471574783325
0.43467655777931213
0.38653793931007385
0.4403008818626404
0.40970712900161743
0.3437538743019104
0.37997502088546753
0.402860164642334
0.346388041973114
0.4017910957336426
0.3692546486854553
0.35882243514060974
0.3340678811073303
0.48905181884765625
0.36177825927734375
0.4873967468738556
0.3557601571083069
0.42551007866859436
0.52532559633255
0.4112629294395447
0.41321712732315063
0.4553605318069458
0.4461159110069275
0.43443626165390015
0.4496571123600006
0.43920037150382996
0.44250649213790894
0.4452004134654999
0.4430929124355316
0.4137249290943146
0.33127129077911377
0.44490018486976624
0.3566194772720337
0.4051925539970398
0.39039790630340576
0.42918142676353455
0.45278432965278625
0.3913879990577698
0.4055209457874298
0.36928218603134155
0.41096755862236023
0.49877268075942993
0.3794301152229309
0.44299155473709106
0.4474261999130249
0.4352797269821167
0.3818197548389435
0.467441201210022
0.4318847060203552
0.3299714922904968
0.3727325201034546
0.45229995250701904
0.4158865213394165
0.39080047607421875
0.44225138425827026
0.4198579490184784
0.3813687562942505
0.43500077724456787
0.43351060152053833
0.3277493715286255
0.4004501700401306
0.43989336490631104
0.3999916911125183
0.39300721883773804
0.4614604413509369
0.38431310653686523
0.398651123046875
0.3903238773345947
0.4461674094200134
0.39073288440704346
0.3538661301136017
0.39426377415657043
0.4615723788738251
0.4084460437297821
0.38261568546295166
0.36855536699295044
0.4140012562274933
0.42081785202026367
0.36469268798828125
0.4019284248352051
0.3994702696800232
0.368227481842041
0.3711707592010498
0.4177064299583435
0.362723171710968
0.3748832643032074
0.41026705503463745
0.407096803188324
0.3659250736236572
0.37673690915107727
0.4089916944503784
0.38384389877319336
0.32328498363494873
0.39874041080474854
0.3346278965473175
0.34600815176963806
0.4466050863265991
0.3598513603210449
0.3735572099685669
0.41247284412384033
0.41616857051849365
0.406261146068573
0.40833109617233276
0.36268866062164307
0.34784242510795593
0.33863601088523865
0.3878883421421051
0.3774232268333435
0.3501749038696289
0.4259800314903259
0.4703887104988098
0.34482866525650024
0.401618629693985
0.3614397346973419
0.36372971534729004
0.35907068848609924
0.3676593601703644
0.37996500730514526
0.38624367117881775
0.40336117148399353
0.33973050117492676
0.33646780252456665
0.3115057945251465
0.3553931713104248
0.3268788456916809
0.35682573914527893
0.3906159996986389
0.32728511095046997
0.334026038646698
0.36356407403945923
0.37201234698295593
0.3384944200515747
0.4151395261287689
0.3176128566265106
0.3666892647743225
0.3285382091999054
0.3099251389503479
0.34042441844940186
0.39782679080963135
0.40355029702186584
0.331744521856308
0.3138025403022766
0.34717857837677
0.4011963903903961
0.37376701831817627
0.37231123447418213
0.39244428277015686
0.41275864839553833
0.35060691833496094
0.32822439074516296
0.38359320163726807
0.39035096764564514
0.40454840660095215
0.3468855619430542
0.3936103582382202
0.3808925151824951
0.37196165323257446
0.31972062587738037
0.4396893382072449
0.41822871565818787
0.3997640907764435
0.3681567907333374
0.41034072637557983
0.377257764339447
0.3968876600265503
0.4191058874130249
0.33201783895492554
0.4071299731731415
0.43655234575271606
0.3851679265499115
0.400875061750412
0.3686652183532715
0.33555978536605835
0.3491634130477905
0.3568689227104187
0.3663254380226135
0.3564825654029846
0.4196850657463074
0.3169781565666199
0.37206029891967773
0.41795021295547485
0.36656755208969116
0.40544557571411133
0.44838032126426697
0.49283289909362793
0.422271192073822
0.3679162859916687
0.3417550325393677
0.3844197988510132
0.36213845014572144
0.3709219694137573
0.3957672417163849
0.41131919622421265
0.35872140526771545
0.390253484249115
0.38219302892684937
0.4307275414466858
0.3404094874858856
0.3951805830001831
0.3335087299346924
0.3819064795970917
0.3488103151321411
0.3104260563850403
0.37791916728019714
0.32894933223724365
0.4012557566165924
0.3672930598258972
0.35494446754455566
0.338110089302063
0.39331287145614624
0.4632495939731598
0.4188798666000366
0.4060242176055908
0.4170868992805481
0.3302076458930969
0.39238813519477844
0.45251959562301636
0.40228861570358276
0.33092716336250305
0.42289742827415466
0.37818771600723267
0.3981603682041168
0.3705756366252899
0.3815273642539978
0.3682153522968292
0.3577398657798767
0.37128305435180664
0.36116403341293335
0.4772394895553589
0.3802297115325928
0.40968745946884155
0.37936511635780334
0.3806222081184387
0.35236430168151855
0.39624321460723877
0.4036365747451782
0.4028719663619995
0.4043814241886139
0.4443002939224243
0.4392693340778351
0.4276534616947174
0.4084044098854065
0.4457195997238159
0.3550575375556946
0.43649160861968994
0.43994319438934326
0.4347030222415924
0.3873049318790436
0.3988492488861084
0.37076178193092346
0.41737210750579834
0.37368443608283997
0.31912070512771606
0.36659473180770874
0.374933123588562
0.4101355969905853
0.38974279165267944
0.41253042221069336
0.3783036470413208
0.4179348945617676
0.4505423307418823
0.4044111669063568
0.3459610939025879
0.42501726746559143
0.39249587059020996
0.38779136538505554
0.4278858006000519
0.3790350556373596
0.3967577815055847
0.35456347465515137
0.37336266040802
0.40117621421813965
0.36317041516304016
0.3952120244503021
0.35946398973464966
0.32531169056892395
0.420093297958374
0.3894388973712921
0.41747426986694336
0.43443170189857483
0.3701036274433136
0.37779414653778076
0.39803338050842285
0.46509063243865967
0.39157241582870483
0.4242362380027771
0.44443947076797485
0.33831655979156494
0.4321531653404236
0.4358104169368744
0.4350283145904541
0.38849306106567383
0.33442747592926025
0.40614229440689087
0.3447924852371216
0.35534071922302246
0.41563138365745544
0.39525705575942993
0.3663090467453003
0.4070534110069275
0.38138604164123535
0.4007771611213684
0.42392921447753906
0.39845120906829834
0.3783879578113556
0.3877775967121124
0.4088045656681061
0.42312192916870117
0.3498423993587494
0.3362221419811249
0.44583025574684143
0.43745994567871094
0.36111515760421753
0.37431520223617554
0.42766958475112915
0.4468523859977722
0.3712426424026489
0.347494900226593
0.32254457473754883
0.3915107846260071
0.33772239089012146
0.28141820430755615
0.2851906716823578
0.41414207220077515
0.36960095167160034
0.3456924259662628
0.41052839159965515
0.3452634811401367
0.33883169293403625
0.42785248160362244
0.2908706068992615
0.3255087733268738
0.3618696928024292
0.4649343490600586
0.3778672218322754
0.3935866057872772
0.35469162464141846
0.38188740611076355
0.46491605043411255
0.3305427134037018
0.4227752685546875
0.3873346447944641
0.4322446286678314
0.3782687187194824
0.3394503593444824
0.3919356167316437
0.432872474193573
0.37386712431907654
0.37454837560653687
0.41984087228775024
0.40955793857574463
0.4003910422325134
0.3259938955307007
0.38029322028160095
0.3833221197128296
0.4378209114074707
0.4163439869880676
0.41323113441467285
0.3660382032394409
0.3793690800666809
0.425184428691864
0.346650630235672
0.406413733959198
0.3793191611766815
0.4225580096244812
0.4352160394191742
0.40599286556243896
0.4391080141067505
0.39559218287467957
0.40115439891815186
0.4722566604614258
0.4285411834716797
0.31334540247917175
0.35326969623565674
0.4119943678379059
0.3287849426269531
0.40446120500564575
0.4362170994281769
0.34509527683258057
0.3876357078552246
0.3761836290359497
0.3755294382572174
0.39329659938812256
0.36582472920417786
0.327168345451355
0.3724457323551178
0.3255619704723358
0.43442246317863464
0.3502752184867859
0.36065855622291565
0.39295172691345215
0.39683008193969727
0.3532124161720276
0.3770330548286438
0.36824679374694824
0.42663896083831787
0.42713290452957153
0.4223310947418213
0.3712410032749176
0.3495917022228241
0.46936970949172974
0.3530021905899048
0.4246155321598053
0.4012070298194885
0.4202318787574768
0.4479559361934662
0.38342055678367615
0.3741858899593353
0.3593067526817322
0.4340342879295349
0.38961851596832275
0.41404083371162415
0.40862351655960083
0.4272644817829132
0.39544928073883057
0.43182629346847534
0.34877973794937134
0.3784875273704529
0.3921409845352173
0.39183229207992554
0.35104164481163025
0.35398945212364197
0.340649276971817
0.4010263979434967
0.4098512828350067
0.42471253871917725
0.3646528720855713
0.38639798760414124
0.3975217342376709
0.37762555480003357
0.3182139992713928
0.39925482869148254
0.3865875005722046
0.38310331106185913
0.3034375309944153
0.3659343719482422
0.33813756704330444
0.33344942331314087
0.36629539728164673
0.3454224467277527
0.33770012855529785
0.36903998255729675
0.32136207818984985
0.3764791488647461
0.4119099974632263
0.4098551273345947
0.33620235323905945
0.3783780336380005
0.41798174381256104
0.3386991322040558
0.3914397358894348
0.3478071987628937
0.3443669378757477
0.3769650161266327
0.41841503977775574
0.35688892006874084
0.37916284799575806
0.40651243925094604
0.3816385269165039
0.416706383228302
0.3209994435310364
0.37036558985710144
0.3494708836078644
0.37540748715400696
0.42347168922424316
0.3988424837589264
0.4171346426010132
0.3969354033470154
0.41896557807922363
0.4174174666404724
0.4011930823326111
0.362224280834198
0.38355210423469543
0.4402635097503662
0.34687700867652893
0.3754239082336426
0.38356512784957886
0.3897281289100647
0.3895193338394165
0.37157976627349854
0.427639365196228
0.4455932378768921
0.3838064670562744
0.37935498356819153
0.3416454792022705
0.44947487115859985
0.3769247531890869
0.3722250461578369
0.3865721523761749
0.3458586633205414
0.4073883891105652
0.40809446573257446
0.39826086163520813
0.40286850929260254
0.3800733685493469
0.3893163502216339
0.338756799697876
0.4020945727825165
0.3728432059288025
0.40096110105514526
0.36518585681915283
0.39148885011672974
0.3759268522262573
0.4009570777416229
0.36352866888046265
0.33037862181663513
0.2880030870437622
0.38172000646591187
0.3932526707649231
0.38085123896598816
0.39070719480514526
0.37719666957855225
0.36199674010276794
0.4143833518028259
0.38383740186691284
0.32284659147262573
0.3640691041946411
0.39068686962127686
0.44159090518951416
0.40306681394577026
0.3553929626941681
0.3641284704208374
0.32387804985046387
0.4169273376464844
0.27214568853378296
0.3824819326400757
0.4460170567035675
0.44272613525390625
0.36864644289016724
0.39292481541633606
0.4198782444000244
0.4149581491947174
0.44717973470687866
0.48584818840026855
0.3917272388935089
0.3735182285308838
0.3807466924190521
0.41435742378234863
0.34204190969467163
0.39164984226226807
0.39069226384162903
0.3598712682723999
0.3640355169773102
0.41406452655792236
0.3213144540786743
0.398044228553772
0.27867257595062256
0.35453933477401733
0.32457780838012695
0.34969818592071533
0.4153343439102173
0.33850568532943726
0.4734671413898468
0.4243476986885071
0.33454984426498413
0.4152976870536804
0.3850198984146118
0.39634573459625244
0.35705143213272095
0.41666340827941895
0.40847525000572205
0.4415488541126251
0.382953941822052
0.4063296914100647
0.3309844732284546
0.3637131452560425
0.28850868344306946
0.3357418179512024
0.3888051211833954
0.41324836015701294
0.367847204208374
0.40786516666412354
0.35156700015068054
0.3974927067756653
0.36311978101730347
0.4138554334640503
0.4643133878707886
0.3734932541847229
0.3369663655757904
0.41194650530815125
0.3609052300453186
0.3430958390235901
0.3525363504886627
0.4009590744972229
0.40893739461898804
0.4239337742328644
0.3692435026168823
0.3693581223487854
0.3814629912376404
0.4283098876476288
0.35976627469062805
0.36279067397117615
0.39758849143981934
0.38114941120147705
0.4068281352519989
0.40255436301231384
0.34626275300979614
0.38318800926208496
0.38967883586883545
0.39356157183647156
0.34501251578330994
0.3844629228115082
0.39934614300727844
0.4131428301334381
0.34173905849456787
0.40038231015205383
0.3534872531890869
0.43887606263160706
0.36928224563598633
0.38214194774627686
0.36216747760772705
0.3520447015762329
0.3937487006187439
0.39384567737579346
0.41718071699142456
0.41972261667251587
0.35193005204200745
0.31602373719215393
0.3911146819591522
0.425723135471344
0.3388868272304535
0.4150242209434509
0.40862762928009033
0.3983636498451233
0.37130677700042725
0.375678688287735
0.35403579473495483
0.4064205586910248
0.43379220366477966
0.363668829202652
0.37668687105178833
0.425428569316864
0.4110071063041687
0.4188666343688965
0.4256015717983246
0.40736645460128784
0.47501200437545776
0.38236314058303833
0.3898022770881653
0.44350799918174744
0.3514680862426758
0.4556989073753357
0.37307125329971313
0.3114493787288666
0.307457834482193
0.2788850665092468
0.3497181832790375
0.26646021008491516
0.3978232443332672
0.3261297941207886
0.38648146390914917
0.3794233202934265
0.3628422021865845
0.3422982096672058
0.3581084609031677
0.3508152365684509
0.35568156838417053
0.42289718985557556
0.4160219430923462
0.35496219992637634
0.3712122142314911
0.3903023600578308
0.3955951929092407
0.3884822130203247
0.32284629344940186
0.42979899048805237
0.40953221917152405
0.36690860986709595
0.470275342464447
0.48762404918670654
0.3541586399078369
0.39371252059936523
0.38705766201019287
0.366942822933197
0.37831586599349976
0.38479697704315186
0.4040788412094116
0.3766912817955017
0.39009496569633484
0.3448878526687622
0.3525090217590332
0.3793410658836365
0.41269370913505554
0.33884871006011963
0.38690948486328125
0.3623996376991272
0.3983433246612549
0.40411800146102905
0.4471995234489441
0.4545478820800781
0.44489455223083496
0.42014095187187195
0.40126705169677734
0.42648208141326904
0.41978734731674194
0.3702271580696106
0.38050419092178345
0.4008682370185852
0.3773570656776428
0.3643973469734192
0.37952640652656555
0.3891720771789551
0.38575929403305054
0.41965675354003906
0.4221939742565155
0.3953915238380432
0.4036067724227905
0.46914511919021606
0.39599645137786865
0.3654770851135254
0.382132351398468
0.325175404548645
0.31549888849258423
0.35358911752700806
0.3482244610786438
0.37188324332237244
0.356925904750824
0.34823763370513916
0.36211496591567993
0.38791099190711975
0.39376166462898254
0.326241135597229
0.4225206971168518
0.45099368691444397
0.35033613443374634
0.3616879880428314
0.3921571969985962
0.3501463532447815
0.35297179222106934
0.35263878107070923
0.38852405548095703
0.43684762716293335
0.3682335913181305
0.42816033959388733
0.45544782280921936
0.37828320264816284
0.4077935814857483
0.370029479265213
0.3632233738899231
0.3904781937599182
0.3914845287799835
0.40459150075912476
0.41223081946372986
0.41739359498023987
0.40000998973846436
0.46938368678092957
0.367797315120697
0.39390337467193604
0.3803219199180603
0.44057777523994446
0.39318886399269104
0.34785112738609314
0.3870592713356018
0.4045163691043854
0.35557299852371216
0.3686937093734741
0.3357810974121094
0.34615516662597656
0.43436199426651
0.3514285087585449
0.3228026032447815
0.33255401253700256
0.35171788930892944
0.3661412298679352
0.3996950685977936
0.3744821846485138
0.3868119716644287
0.34574824571609497
0.43563294410705566
0.3400998115539551
0.34975767135620117
0.35049593448638916
0.3924800157546997
0.3666468858718872
0.3909083604812622
0.3868896961212158
0.3882724344730377
0.39676791429519653
0.40093761682510376
0.4102456569671631
0.3406563997268677
0.321036696434021
0.3540550470352173
0.41178351640701294
0.34264451265335083
0.3514916002750397
0.38807132840156555
0.40085458755493164
0.34551769495010376
0.40991467237472534
0.3238084316253662
0.35799121856689453
0.3768698573112488
0.38746920228004456
0.4270539879798889
0.436678409576416
0.41711875796318054
0.39136195182800293
0.3984993100166321
0.35957008600234985
0.3834984302520752
0.3376613259315491
0.3943825364112854
0.421556681394577
0.4204924702644348
0.35228219628334045
0.36973223090171814
0.3398113548755646
0.40434515476226807
0.38850945234298706
0.43120867013931274
0.4151430130004883
0.44229745864868164
0.45049944519996643
0.38614898920059204
0.4076847434043884
0.41157886385917664
0.3505832552909851
0.3632294535636902
0.3963739275932312
0.29932403564453125
0.4831986427307129
0.39934614300727844
0.4248889684677124
0.43068403005599976
0.40449249744415283
0.38336771726608276
0.4260249137878418
0.45367759466171265
0.4340970516204834
0.34876424074172974
0.3791593909263611
0.3603317141532898
0.3848697245121002
0.3499402105808258
0.3914042115211487
0.2916263937950134
0.3174777030944824
0.38716161251068115
0.3397965729236603
0.31728869676589966
0.35198846459388733
0.29889044165611267
0.30816149711608887
0.42024654150009155
0.41091811656951904
0.41017186641693115
0.358755886554718
0.31739625334739685
0.46963465213775635
0.37800395488739014
0.43291184306144714
0.378143310546875
0.33407261967658997
0.381977379322052
0.336603045463562
0.34739965200424194
0.43316492438316345
0.3775016963481903
0.28249967098236084
0.4733958840370178
0.4472198486328125
0.41843247413635254
0.4274161458015442
0.3668828308582306
0.3594842851161957
0.3794669508934021
0.37353217601776123
0.3268844783306122
0.37390607595443726
0.46345603466033936
0.43179836869239807
0.3809080123901367
0.3507554829120636
0.38731062412261963
0.39568689465522766
0.3980889320373535
0.3612430989742279
0.3629704713821411
0.331906795501709
0.38213568925857544
0.4315457344055176
0.3956117630004883
0.366022527217865
0.43300628662109375
0.2881011962890625
0.4177534878253937
0.3836049735546112
0.4315667450428009
0.3769087791442871
0.3120405673980713
0.41451725363731384
0.4227750897407532
0.33386993408203125
0.3983820080757141
0.43599337339401245
0.4083086848258972
0.3843933939933777
0.37347477674484253
0.36100757122039795
0.3082868754863739
0.4024239182472229
0.3942134976387024
0.3821607232093811
0.43672823905944824
0.4081477224826813
0.43917524814605713
0.3601051867008209
0.36446669697761536
0.3700615167617798
0.3852241039276123
0.35853445529937744
0.3753441870212555
0.42639708518981934
0.31214332580566406
0.4472758173942566
0.3553912341594696
0.3734498620033264
0.41908085346221924
0.38994526863098145
0.3600931465625763
0.3507777154445648
0.3957614302635193
0.43188050389289856
0.4084750711917877
0.3107389807701111
0.41089385747909546
0.34507372975349426
0.39708656072616577
0.3799329400062561
0.4480963945388794
0.41737011075019836
0.37900635600090027
0.3845275342464447
0.4063936471939087
0.3743152320384979
0.37090933322906494
0.38995951414108276
0.3788502812385559
0.44288307428359985
0.36831438541412354
0.37640103697776794
0.4025406837463379
0.3678196370601654
0.4136022627353668
0.4403594732284546
0.4236108958721161
0.38125479221343994
0.432242214679718
0.3013501763343811
0.3811735212802887
0.3482063412666321
0.40531831979751587
0.42129895091056824
0.3920764923095703
0.42496275901794434
0.38275495171546936
0.3840142488479614
0.398860901594162
0.3962612748146057
0.4420841634273529
0.38078147172927856
0.4275967478752136
0.4737902283668518
0.45543524622917175
0.38074976205825806
0.32956570386886597
0.4176478087902069
0.4650135636329651
0.42390280961990356
0.4038308262825012
0.37176162004470825
0.3450872302055359
0.3661978244781494
0.3655528426170349
0.3903578519821167
0.3899425268173218
0.3587585389614105
0.4042378067970276
0.3595375716686249
0.30463317036628723
0.3578292727470398
0.41524630784988403
0.3816073536872864
0.3643948435783386
0.42371541261672974
0.4122316837310791
0.3656757175922394
0.32342714071273804
0.32466158270835876
0.426338791847229
0.35642820596694946
0.38433581590652466
0.35904452204704285
0.3806151747703552
0.3674581050872803
0.34935593605041504
0.32908159494400024
0.40612807869911194
0.43468204140663147
0.33012425899505615
0.36105507612228394
0.4141654968261719
0.3272947072982788
0.39636915922164917
0.328646183013916
0.3864303231239319
0.38539648056030273
0.4261293411254883
0.39799797534942627
0.3950589895248413
0.4217272400856018
0.39330485463142395
0.2957479655742645
0.39955222606658936
0.3683244585990906
0.36996328830718994
0.3749520778656006
0.38486525416374207
0.41910243034362793
0.43615657091140747
0.392936646938324
0.34294259548187256
0.34425264596939087
0.39077872037887573
0.4054635167121887
0.34477105736732483
0.3403881788253784
0.34795060753822327
0.4529302418231964
0.33685457706451416
0.3518557548522949
0.3492872714996338
0.3452788293361664
0.3395615816116333
0.39356064796447754
0.37066221237182617
0.4332469403743744
0.3785647749900818
0.4178604185581207
0.4025041460990906
0.4599123001098633
0.4102703928947449
0.3755852282047272
0.22308725118637085
0.42206624150276184
0.4266367554664612
0.40239036083221436
0.3986392617225647
0.3720396161079407
0.44241827726364136
0.4473760724067688
0.5008349418640137
0.4810733199119568
0.36624056100845337
0.3776792585849762
0.417451947927475
0.4323176145553589
0.3787868022918701
0.3327540159225464
0.2729249894618988
0.3534994423389435
0.44103407859802246
0.3460245728492737
0.30611711740493774
0.38609325885772705
0.32019245624542236
0.3716316819190979
0.3503221869468689
0.29166120290756226
0.3306898772716522
0.32992231845855713
0.3994391858577728
0.35748758912086487
0.38942867517471313
0.3559771180152893
0.3825545907020569
0.37154579162597656
0.3878527283668518
0.3206801414489746
0.39044225215911865
0.40641891956329346
0.4294215440750122
0.40654563903808594
0.4302518963813782
0.375878244638443
0.37966835498809814
0.39039140939712524
0.36021849513053894
0.40506383776664734
0.39830708503723145
0.4353189766407013
0.394666463136673
0.36912834644317627
0.41996636986732483
0.38882237672805786
0.3802952766418457
0.39172884821891785
0.38208064436912537
0.37575966119766235
0.4071941077709198
0.3993511497974396
0.35923779010772705
0.36859363317489624
0.3865323066711426
0.43752622604370117
0.4083717465400696
0.4172259569168091
0.40401729941368103
0.34411561489105225
0.4038017988204956
0.3957509398460388
0.4066295027732849
0.4209436774253845
0.4365169405937195
0.41437381505966187
0.4760013818740845
0.3491101562976837
0.3953534960746765
0.31852248311042786
0.39828193187713623
0.36055904626846313
0.3663440942764282
0.3075658082962036
0.3824233412742615
0.4085424244403839
0.3203192949295044
0.3038674592971802
0.3205336630344391
0.3762005567550659
0.38900625705718994
0.3510877192020416
0.36291009187698364
0.334509015083313
0.3521274924278259
0.4116383194923401
0.3712957799434662
0.36527448892593384
0.32135874032974243
0.26124829053878784
0.365128755569458
0.42210686206817627
0.3688731789588928
0.3088105618953705
0.3769734501838684
0.45594748854637146
0.38530442118644714
0.38258230686187744
0.394087553024292
0.39805954694747925
0.4412108063697815
0.47537124156951904
0.37639814615249634
0.39856356382369995
0.4343860149383545
0.3489804267883301
0.3805829882621765
0.40072333812713623
0.3641803562641144
0.45618781447410583
0.3658473491668701
0.3399221897125244
0.36560994386672974
0.35005223751068115
0.3744487166404724
0.296011358499527
0.41569530963897705
0.4378596842288971
0.3608676791191101
0.383716344833374
0.31359797716140747
0.38547632098197937
0.36379474401474
0.3640686869621277
0.3627367615699768
0.48473408818244934
0.3692640960216522
0.263487845659256
0.4214480519294739
0.41833990812301636
0.37542593479156494
0.353945255279541
0.3308062255382538
0.3687123656272888
0.36664462089538574
0.3247036337852478
0.3829784393310547
0.3925802707672119
0.39962366223335266
0.43013474345207214
0.4056096076965332
0.3155671954154968
0.4007279872894287
0.40729328989982605
0.366985946893692
0.30268412828445435
0.44759276509284973
0.3831462264060974
0.45500069856643677
0.42035701870918274
0.382343053817749
0.3999940752983093
0.3892900347709656
0.43881839513778687
0.3830086588859558
0.3619520664215088
0.4098745882511139
0.36300671100616455
0.4300873875617981
0.3991076946258545
0.3633275628089905
0.35512715578079224
0.3714759349822998
0.4016067087650299
0.484348326921463
0.3631887137889862
0.3626980483531952
0.35141026973724365
0.4086846709251404
0.45407527685165405
0.4298599362373352
0.3464241623878479
0.32462748885154724
0.3909662365913391
0.44791585206985474
0.3580367863178253
0.37275072932243347
0.35922062397003174
0.4004761576652527
0.3402843475341797
0.34979158639907837
0.3083733916282654
0.30239278078079224
0.3835028111934662
0.3973779082298279
0.33328771591186523
0.340480774641037
0.31970998644828796
0.36663395166397095
0.3083280026912689
0.3716690242290497
0.3667047619819641
0.37911373376846313
0.42921531200408936
0.30544614791870117
0.3706437051296234
0.38859522342681885
0.340839147567749
0.3135504722595215
0.37997084856033325
0.3274804353713989
0.28835391998291016
0.36931371688842773
0.36083436012268066
0.38420677185058594
0.31968191266059875
0.40666502714157104
0.46169400215148926
0.43364086747169495
0.41260045766830444
0.3750566840171814
0.40744608640670776
0.3293348252773285
0.37802648544311523
0.31351420283317566
0.33358025550842285
0.30101388692855835
0.26958543062210083
0.3161899447441101
0.360934853553772
0.37749356031417847
0.35672879219055176
0.3499095141887665
0.2784773111343384
0.28214406967163086
0.26861754059791565
0.330230176448822
0.3136526346206665
0.34644806385040283
0.3916725814342499
0.3292175531387329
0.43872949481010437
0.38949906826019287
0.4329547882080078
0.3733166456222534
0.4044695198535919
0.3217005431652069
0.3570057451725006
0.44479095935821533