0.37779659032821655
0.3401182293891907
0.38296735286712646
0.3899158537387848
0.4302854835987091
0.3512299358844757
0.40471452474594116
0.34402182698249817
0.3779858648777008
0.4090675115585327
0.37298452854156494
0.3988479971885681
0.3589738607406616
0.327572762966156
0.3688274025917053
0.4174272119998932
0.32082128524780273
0.3405023217201233
0.3659035563468933
0.43418049812316895
0.4322150945663452
0.45953643321990967
0.4523138999938965
0.3945941925048828
0.3835787773132324
0.41688069701194763
0.44147446751594543
0.3984084129333496
0.387908011674881
0.4790918827056885
0.4248993992805481
0.4783812463283539
0.4236840605735779
0.3944137394428253
0.42657774686813354
0.42032647132873535
0.4699435234069824
0.3838410973548889
0.3410465717315674
0.3120601773262024
0.378595769405365
0.4104198217391968
0.42694994807243347
0.3764357566833496
0.41690734028816223
0.40056928992271423
0.4430031180381775
0.3919253647327423
0.39298704266548157
0.39552056789398193
0.4447125792503357
0.45488685369491577
0.44319409132003784
0.39551281929016113
0.4571797251701355
0.4435112178325653
0.39074409008026123
0.3853312134742737
0.3903818726539612
0.4462486505508423
0.46417850255966187
0.38899219036102295
0.3761098384857178
0.4037327766418457
0.3448962867259979
0.45552733540534973
0.4725792706012726
0.4352129101753235
0.4440259337425232
0.46388840675354004
0.42347073554992676
0.4324021339416504
0.44336551427841187
0.34713324904441833
0.42087000608444214
0.46113884449005127
0.3742254376411438
0.4461122751235962
0.4772738218307495
0.5009065270423889
0.446429580450058
0.35431236028671265
0.369858980178833
0.39445531368255615
0.4317288398742676
0.3235132098197937
0.37117913365364075
0.402072012424469
0.4315996766090393
0.3588067293167114
0.40719863772392273
0.380791038274765
0.45890218019485474
0.3241291642189026
0.447684109210968
0.4343019127845764
0.3673820197582245
0.415022075176239
0.35378599166870117
0.40991446375846863
0.44044971466064453
0.427436500787735
0.3823404014110565
0.4163459539413452
0.44518953561782837
0.4367290735244751
0.4528798460960388
0.4246816635131836
0.39983469247817993
0.3890191912651062
0.46313223242759705
0.385192334651947
0.39007627964019775
0.4264494776725769
0.4905579090118408
0.388528972864151
0.4327876567840576
0.5162167549133301
0.511176586151123
0.41988322138786316
0.39296406507492065
0.38286152482032776
0.4506057798862457
0.43326708674430847
0.4449921250343323
0.3759864866733551
0.4833722412586212
0.46894022822380066
0.33278924226760864
0.4237757623195648
0.43111664056777954
0.3795137405395508
0.4681045413017273
0.42310941219329834
0.4409579634666443
0.4358769953250885
0.42716699838638306
0.2641066312789917
0.38811981678009033
0.4452243447303772
0.2947190999984741
0.46454423666000366
0.41465479135513306
0.4380543828010559
0.410671591758728
0.38132160902023315
0.3909638226032257
0.4181961417198181
0.4002953767776489
0.41990137100219727
0.4142913222312927
0.49101436138153076
0.46893060207366943
0.464165061712265
0.4954179525375366
0.4319324791431427
0.3851911425590515
0.43841448426246643
0.4412795305252075
0.4433274567127228
0.4853903353214264
0.44936197996139526
0.3588004410266876
0.4522988200187683
0.43050307035446167
0.3391497731208801
0.4289359450340271
0.4134367108345032
0.37327224016189575
0.4611676335334778
0.47036606073379517
0.377448171377182
0.40011924505233765
0.3624926209449768
0.4480721354484558
0.36487358808517456
0.43605536222457886
0.39481890201568604
0.4053557813167572
0.3666662573814392
0.35754892230033875
0.3810332417488098
0.41106119751930237
0.40851613879203796
0.3870786726474762
0.3939029276371002
0.4030124545097351
0.44060230255126953
0.34640032052993774
0.3734900951385498
0.4152977466583252
0.42835158109664917
0.3966890871524811
0.4528995752334595
0.34961235523223877
0.40789735317230225
0.3743414878845215
0.37120750546455383
0.39035892486572266
0.47704818844795227
0.4232413172721863
0.3645155727863312
0.40254849195480347
0.3656872510910034
0.4385841488838196
0.43984150886535645
0.4294244050979614
0.4694957435131073
0.4739724397659302
0.4682644009590149
0.48393040895462036
0.4087720513343811
0.3899443745613098
0.4183241128921509
0.3504354953765869
0.41637253761291504
0.3991709351539612
0.43938788771629333
0.4927278459072113
0.41427117586135864
0.3806024491786957
0.3654390573501587
0.37759560346603394
0.41510576009750366
0.42747068405151367
0.4122677445411682
0.3726118803024292
0.4555950164794922
0.39511698484420776
0.3683593273162842
0.3473302125930786
0.41446900367736816
0.4536648988723755
0.3777628540992737
0.3579133152961731
0.43339434266090393
0.378261536359787
0.4289702773094177
0.5175220966339111
0.3209167718887329
0.3989716172218323
0.4035044312477112
0.41886085271835327
0.46888020634651184
0.5043532848358154
0.3859548568725586
0.3889129161834717
0.3522357940673828
0.40126609802246094
0.410049170255661
0.4422299861907959
0.3479916453361511
0.35548874735832214
0.4100841283798218
0.4537326395511627
0.3840622305870056
0.4026208519935608
0.40882837772369385
0.40055400133132935
0.3845582604408264
0.4485185444355011
0.4364803433418274
0.47728049755096436
0.41247424483299255
0.4115642309188843
0.36789894104003906
0.3649161458015442
0.4576517939567566
0.3831566870212555
0.35182255506515503
0.3913198709487915
0.43841832876205444
0.40900447964668274
0.33976173400878906
0.4997154176235199
0.4575192630290985
0.39077144861221313
0.38138100504875183
0.4128023386001587
0.39957475662231445
0.39871835708618164
0.3861471116542816
0.413118839263916
0.3972998261451721
0.40068018436431885
0.4444103240966797
0.37752363085746765
0.42046868801116943
0.3440902531147003
0.3818912208080292
0.30486854910850525
0.3865250051021576
0.37743282318115234
0.4192695915699005
0.4243500232696533
0.44554364681243896
0.3784222900867462
0.39553314447402954
0.42329615354537964
0.424437016248703
0.40947335958480835
0.39358603954315186
0.340160071849823
0.488955557346344
0.4436953663825989
0.4322657585144043
0.38547059893608093
0.4148569703102112
0.4493212401866913
0.4248102605342865
0.4228707551956177
0.38321733474731445
0.46215930581092834
0.3721434772014618
0.37126344442367554
0.3859506845474243
0.38224777579307556
0.3889878988265991
0.3770836591720581
0.4578920900821686
0.40164053440093994
0.42903533577919006
0.4318227767944336
0.41357529163360596
0.3444589078426361
0.4245498776435852
0.4038856327533722
0.446972519159317
0.35887694358825684
0.3904801905155182
0.40897008776664734
0.45912009477615356
0.40131810307502747
0.41407519578933716
0.4282708764076233
0.3799137473106384
0.45348793268203735
0.3757210373878479
0.4473778009414673
0.4083416759967804
0.4094407260417938
0.35600292682647705
0.4813516139984131
0.385322242975235
0.4848743677139282
0.3721078634262085
0.4767322242259979
0.4771609604358673
0.45672696828842163
0.459703266620636
0.45003730058670044
0.4291437864303589
0.4519442915916443
0.46481087803840637
0.364839643239975
0.3899001181125641
0.423733651638031
0.335376113653183
0.39124178886413574
0.32471680641174316
0.41491201519966125
0.3276079297065735
0.3696061372756958
0.39938539266586304
0.44736576080322266
0.4556350111961365
0.39594101905822754
0.4099217653274536
0.36867064237594604
0.4022665023803711
0.4715268313884735
0.4063618779182434
0.48249351978302
0.3898235261440277
0.45365700125694275
0.3891841769218445
0.4709699749946594
0.4158856272697449
0.37626105546951294
0.37754547595977783
0.3810669183731079
0.39997598528862
0.4110708236694336
0.45765095949172974
0.4460824728012085
0.4063960909843445
0.4228020906448364
0.48876094818115234
0.3551478385925293
0.4714747667312622
0.4837701618671417
0.406191885471344
0.3992452025413513
0.4283202290534973
0.3546159267425537
0.39040571451187134
0.4224276542663574
0.4154903292655945
0.37331652641296387
0.3449842929840088
0.36331987380981445
0.4969138503074646
0.4323239028453827
0.37148138880729675
0.382171094417572
0.4201686680316925
0.4183955788612366
0.40504777431488037
0.36744844913482666
0.38905102014541626
0.3593534827232361
0.3623919188976288
0.42301565408706665
0.36904293298721313
0.3735390901565552
0.4425237476825714
0.42402899265289307
0.4242233633995056
0.41327905654907227
0.41611480712890625
0.408234566450119
0.37714940309524536
0.4192260205745697
0.37224894762039185
0.36872267723083496
0.44033852219581604
0.39345061779022217
0.3623562455177307
0.4308539628982544
0.4100596308708191
0.4206264913082123
0.4232163727283478
0.3719950318336487
0.3649413585662842
0.39555779099464417
0.4558199346065521
0.45226067304611206
0.35675084590911865
0.44803357124328613
0.46782565116882324
0.353900671005249
0.4022356867790222
0.36385685205459595
0.4115678071975708
0.4105064272880554
0.37438440322875977
0.40023162961006165
0.3948860168457031
0.4281627833843231
0.35688939690589905
0.31059104204177856
0.34439796209335327
0.3934677839279175
0.3877391815185547
0.3653653562068939
0.4420744478702545
0.34656035900115967
0.3540959060192108
0.35712870955467224
0.3736758828163147
0.39834386110305786
0.44738948345184326
0.3145170211791992
0.388721227645874
0.38255736231803894
0.3532528281211853
0.3997936248779297
0.423761785030365
0.40319523215293884
0.37038254737854004
0.35532060265541077
0.4217430353164673
0.429936021566391
0.3932560682296753
0.3995242416858673
0.4052436947822571
0.41692477464675903
0.3789874315261841
0.3738187551498413
0.4434928596019745
0.39704370498657227
0.42224252223968506
0.3575112819671631
0.4019169509410858
0.319388747215271
0.4005969762802124
0.3722524046897888
0.4161831736564636
0.40443265438079834
0.4473181366920471
0.3961411118507385
0.42090290784835815
0.4020075798034668
0.39031726121902466
0.42293477058410645
0.36609333753585815
0.401450514793396
0.4755416512489319
0.4276963472366333
0.4412405490875244
0.41686564683914185
0.3683305084705353
0.3647657036781311
0.37476158142089844
0.3713286519050598
0.37036293745040894
0.4285200834274292
0.37684866786003113
0.3770601153373718
0.4561442732810974
0.38146528601646423
0.44342294335365295
0.44346243143081665
0.4873116612434387
0.4413808584213257
0.3385409712791443
0.36702680587768555
0.4122799038887024
0.3960040807723999
0.41131824254989624
0.4096834063529968
0.40921229124069214
0.36660629510879517
0.42490699887275696
0.4216441512107849
0.3682864308357239
0.37886691093444824
0.39187347888946533
0.3655253052711487
0.40208113193511963
0.35265782475471497
0.3415703773498535
0.41069328784942627
0.3080065846443176
0.4171510338783264
0.4396308660507202
0.37005847692489624
0.35990309715270996
0.3715588450431824
0.48791611194610596
0.436781644821167
0.4237568974494934
0.4266771376132965
0.28672993183135986
0.38303232192993164
0.41061800718307495
0.42739221453666687
0.365878701210022
0.41362839937210083
0.4119558334350586
0.386159211397171
0.3768097758293152
0.35881108045578003
0.3778875768184662
0.3517408072948456
0.3787616789340973
0.3660203814506531
0.4641770124435425
0.40064752101898193
0.4427371025085449
0.4130343496799469
0.3467789888381958
0.34151601791381836
0.40561139583587646
0.359011173248291
0.4137246608734131
0.4171101450920105
0.4829772710800171
0.43278568983078003
0.4040490388870239
0.4000425934791565
0.4466576874256134
0.36467424035072327
0.45324984192848206
0.4028245508670807
0.39933937788009644
0.39993521571159363
0.3553076982498169
0.37946081161499023
0.43501803278923035
0.4052545130252838
0.3220384418964386
0.33621084690093994
0.36999231576919556
0.41741943359375
0.3915323317050934
0.3927813470363617
0.41035932302474976
0.39818504452705383
0.4415733218193054
0.4106070399284363
0.41868072748184204
0.42311474680900574
0.397427499294281
0.3700859546661377
0.4389723539352417
0.36228570342063904
0.4193306863307953
0.4010888934135437
0.36462485790252686
0.3725981116294861
0.35596877336502075
0.3997083604335785
0.3123924434185028
0.36493030190467834
0.3923972249031067
0.440288245677948
0.416481077671051
0.4318024516105652
0.376787006855011
0.38450685143470764
0.3647014796733856
0.4075968265533447
0.3976462483406067
0.39122438430786133
0.3951430320739746
0.31888747215270996
0.43776363134384155
0.4257040023803711
0.44539904594421387
0.422133207321167
0.3571628928184509
0.4046090841293335
0.39280417561531067
0.36889100074768066
0.421272337436676
0.4189416468143463
0.3829439878463745
0.4401882588863373
0.42742466926574707
0.4187364876270294
0.4370144009590149
0.4101807475090027
0.3985801339149475
0.42720574140548706
0.3858335018157959
0.4310559630393982
0.3253531754016876
0.30506646633148193
0.45432794094085693
0.45095181465148926
0.3860611319541931
0.3924199938774109
0.38201284408569336
0.4337054491043091
0.40577590465545654
0.38807737827301025
0.3554421067237854
0.4251135587692261
0.33990684151649475
0.3429102301597595
0.34722697734832764
0.4583980143070221
0.39387479424476624
0.3356873393058777
0.41342002153396606
0.37697988748550415
0.3665916323661804
0.43609151244163513
0.30089208483695984
0.3440430164337158
0.4032111167907715
0.4057955741882324
0.3583724796772003
0.3577045500278473
0.41108646988868713
0.40022552013397217
0.45053577423095703
0.35424715280532837
0.43265682458877563
0.4198843240737915
0.45936068892478943
0.39577826857566833
0.3625493049621582
0.3895745277404785
0.4092184901237488
0.3714103102684021
0.3723791241645813
0.4226692318916321
0.45451438426971436
0.4009159803390503
0.3471042513847351
0.36272913217544556
0.42513731122016907
0.4256157875061035
0.45031267404556274
0.4056302011013031
0.3775542974472046
0.38585957884788513
0.38233259320259094
0.35608839988708496
0.3993244767189026
0.4192304015159607
0.4339505434036255
0.39828813076019287
0.37292641401290894
0.4487631320953369
0.3821423053741455
0.4195828437805176
0.47204485535621643
0.408610463142395
0.3653544783592224
0.40856802463531494
0.42489534616470337
0.3669489622116089
0.3895825743675232
0.42193055152893066
0.3969336748123169
0.3954716622829437
0.41282209753990173
0.39064687490463257
0.3859742283821106
0.3674716651439667
0.3444571793079376
0.4107082486152649
0.3254947066307068
0.405047208070755
0.37502843141555786
0.36121952533721924
0.37753748893737793
0.40517520904541016
0.3680891990661621
0.38680872321128845
0.3877714276313782
0.4320312738418579
0.407909631729126
0.4110673666000366
0.4058067202568054
0.37151914834976196
0.45631545782089233
0.3642614483833313
0.45552387833595276
0.4382017254829407
0.4060550928115845
0.44106006622314453
0.3595336377620697
0.39588451385498047
0.3888339400291443
0.4459722638130188
0.39672133326530457
0.4142923951148987
0.41421636939048767
0.41718584299087524
0.4541703164577484
0.4265356659889221
0.3580048084259033
0.4128655195236206
0.42758709192276
0.4214016795158386
0.3602783679962158
0.3608909249305725
0.3342444896697998
0.33625733852386475
0.43242305517196655
0.4575653672218323
0.3869936168193817
0.4271876811981201
0.43172121047973633
0.4081220030784607
0.3381792902946472
0.42148998379707336
0.41809192299842834
0.4058934450149536
0.3263489007949829
0.39378899335861206
0.3367233872413635
0.3424578309059143
0.34675174951553345
0.402794748544693
0.3807027339935303
0.3719998896121979
0.34223341941833496
0.34405839443206787
0.44447213411331177
0.43228134512901306
0.38323360681533813
0.3931240439414978
0.4449290633201599
0.3678135275840759
0.4185154139995575
0.3410855531692505
0.3160759210586548
0.3787597417831421
0.4393882155418396
0.39403289556503296
0.4134698510169983
0.39620882272720337
0.38386934995651245
0.4550400972366333
0.3159712553024292
0.379001259803772
0.3556378483772278
0.39676299691200256
0.42089518904685974
0.42437565326690674
0.4336961507797241
0.4437481760978699
0.42235854268074036
0.3964381814002991
0.3764232397079468
0.41753458976745605
0.42295366525650024
0.41547027230262756
0.35972166061401367
0.37637704610824585
0.44208747148513794
0.37548887729644775
0.39971113204956055
0.31365710496902466
0.44792962074279785
0.4504637122154236
0.41830211877822876
0.40325185656547546
0.37519580125808716
0.4721750020980835
0.39801329374313354
0.387513667345047
0.395321249961853
0.37508296966552734
0.4446306526660919
0.4183117747306824
0.4173330068588257
0.3772571384906769
0.4183351993560791
0.38366350531578064
0.35610687732696533
0.4232093095779419
0.42326828837394714
0.441435307264328
0.3570203185081482
0.407997190952301
0.401110976934433
0.39691534638404846
0.4252181053161621
0.37929826974868774
0.3211709260940552
0.37244051694869995
0.41810256242752075
0.39681264758110046
0.37646758556365967
0.40993914008140564
0.3893037736415863
0.4580206871032715
0.4386495351791382
0.3496548533439636
0.34907281398773193
0.3984624147415161
0.48793986439704895
0.404640793800354
0.3829786777496338
0.3447093963623047
0.33822447061538696
0.4312959611415863
0.31905657052993774
0.33249035477638245
0.4658251106739044
0.43976497650146484
0.39584165811538696
0.42215853929519653
0.40012526512145996
0.4250450134277344
0.46254873275756836
0.47970181703567505
0.3790702819824219
0.3793873190879822
0.425044447183609
0.4367097020149231
0.3495517373085022
0.3649778962135315
0.37528127431869507
0.36515092849731445
0.35030436515808105
0.4424709677696228
0.38630133867263794
0.3999635577201843
0.28441211581230164
0.3902009427547455
0.3533064126968384
0.36726081371307373
0.40781891345977783
0.35679858922958374
0.46468499302864075
0.4531404972076416
0.3569393754005432
0.4104071259498596
0.3768217861652374
0.429451584815979
0.3274626135826111
0.42499154806137085
0.4060930907726288
0.44122225046157837
0.38901787996292114
0.3823297917842865
0.30140528082847595
0.4040173292160034
0.32875025272369385
0.3760419487953186
0.41156670451164246
0.4118843972682953
0.38114628195762634
0.41693878173828125
0.31453758478164673
0.3899184465408325
0.34416091442108154
0.4259602129459381
0.4933076500892639
0.39720216393470764
0.39477819204330444
0.42778533697128296
0.38736492395401
0.36604633927345276
0.3599832355976105
0.3882676362991333
0.4154709577560425
0.4310363233089447
0.3941344618797302
0.33916667103767395
0.3899710178375244
0.4457213580608368
0.37507304549217224
0.38665008544921875
0.3484283983707428
0.38668936491012573
0.382449746131897
0.3902837932109833
0.39061737060546875
0.43469661474227905
0.3887440264225006
0.37501195073127747
0.3894270062446594
0.3978900909423828
0.38599923253059387
0.42225438356399536
0.3697969913482666
0.40389102697372437
0.34419700503349304
0.4430212080478668
0.36836129426956177
0.3688197731971741
0.35058048367500305
0.3627690076828003
0.39059534668922424
0.38875311613082886
0.4155701994895935
0.3961695432662964
0.42129456996917725
0.3436794579029083
0.41648298501968384
0.4141642451286316
0.3438836932182312
0.4169226586818695
0.4012570381164551
0.3898843824863434
0.41912752389907837
0.364063560962677
0.37967467308044434
0.39967501163482666
0.4481194019317627
0.41973134875297546
0.33873283863067627
0.4189375042915344
0.4323540925979614
0.433211088180542
0.43953937292099
0.4434933066368103
0.4301447570323944
0.4175634980201721
0.36854299902915955
0.4491954445838928
0.3816649317741394
0.45354434847831726
0.3760482668876648
0.35110658407211304
0.3723943829536438
0.3137166202068329
0.3799973428249359
0.31413403153419495
0.36854320764541626
0.3597993552684784
0.43375712633132935
0.37963467836380005
0.4274505376815796
0.39205998182296753
0.36900627613067627
0.37594345211982727
0.3502393364906311
0.41081488132476807
0.39115598797798157
0.3747657835483551
0.3794124126434326
0.39100953936576843
0.34873709082603455
0.3679327368736267
0.386793315410614
0.3910520672798157
0.4238221347332001
0.41554659605026245
0.4722602963447571
0.4790808856487274
0.3681185245513916
0.3688717484474182
0.36095425486564636
0.41255807876586914
0.4293742775917053
0.42239487171173096
0.3941531777381897
0.39910703897476196
0.41138923168182373
0.3726164996623993
0.3533253073692322
0.41075998544692993
0.3686644434928894
0.3272262215614319
0.3999854326248169
0.3770099878311157
0.3870112895965576
0.40060868859291077
0.4441068172454834
0.4437742829322815
0.3854290246963501
0.4024391770362854
0.43113404512405396
0.39963823556900024
0.41579318046569824
0.4034339189529419
0.39075013995170593
0.41907036304473877
0.4038078784942627
0.3997291326522827
0.40089303255081177
0.3823343515396118
0.3904784917831421
0.42326295375823975
0.40152695775032043
0.4244147539138794
0.44857680797576904
0.4553106725215912
0.3886150121688843
0.40940985083580017
0.36947131156921387
0.3490605056285858
0.35258054733276367
0.3866848945617676
0.40161585807800293
0.39230114221572876
0.38157379627227783
0.33594679832458496
0.35941648483276367
0.4008280038833618
0.3924119472503662
0.37278661131858826
0.44003236293792725
0.41195210814476013
0.4087333381175995
0.3991265594959259
0.39182353019714355
0.3709610104560852
0.36828070878982544
0.3615546226501465
0.4079410135746002
0.41751518845558167
0.36477336287498474
0.4532362222671509
0.48483791947364807
0.40406355261802673
0.39909180998802185
0.42143315076828003
0.41975632309913635
0.4204939603805542
0.3727675676345825
0.4238806366920471
0.416878342628479
0.42094483971595764
0.41672149300575256
0.456699013710022
0.41799038648605347
0.41292333602905273
0.45479172468185425
0.4668347239494324
0.43424278497695923
0.42410892248153687
0.40443581342697144
0.4290452003479004
0.40705326199531555
0.3996787667274475
0.37836170196533203
0.4085995554924011
0.4574897885322571
0.36927247047424316
0.38867318630218506
0.3723788261413574
0.4271818995475769
0.3843032717704773
0.37848132848739624
0.40720057487487793
0.37631043791770935
0.3874618113040924
0.4339529275894165
0.3588353991508484
0.3682429790496826
0.3857368528842926
0.3987911641597748
0.38452351093292236
0.42413002252578735
0.40233778953552246
0.38133275508880615
0.3905330300331116
0.4218604564666748
0.39645320177078247
0.3631477952003479
0.3214600086212158
0.39875727891921997
0.44852203130722046
0.42400068044662476
0.3915247321128845
0.3962118923664093
0.39374303817749023
0.39326369762420654
0.41572755575180054
0.3368750214576721
0.36182457208633423
0.391715943813324
0.3716345727443695
0.4599902033805847
0.45264995098114014
0.4088743031024933
0.38587868213653564
0.37188953161239624
0.3636384606361389
0.37392839789390564
0.36763983964920044
0.4195072650909424
0.3912219703197479
0.42267394065856934
0.35458600521087646
0.36913666129112244
0.363086074590683
0.4138597846031189
0.4000931978225708
0.4854416847229004
0.44096240401268005
0.45741143822669983
0.4150024652481079
0.4003741145133972
0.38083112239837646
0.44369226694107056
0.36535775661468506
0.4057478904724121
0.40270352363586426
0.35886943340301514
0.4704093635082245
0.43464189767837524
0.4313894510269165
0.44458234310150146
0.4117271602153778
0.4436052739620209
0.41565442085266113
0.46909403800964355
0.4550800621509552
0.388438880443573
0.3945264518260956
0.3950636386871338
0.38796496391296387
0.37803614139556885
0.4102678596973419
0.3296279311180115
0.34932881593704224
0.3938528895378113
0.3980655372142792
0.3532522916793823
0.35991647839546204
0.3781670928001404
0.4137589931488037
0.410129576921463
0.45240670442581177
0.4112629294395447
0.3885597288608551
0.3675183951854706
0.46106332540512085
0.39382803440093994
0.44927775859832764
0.4525761306285858
0.37974515557289124
0.3526395261287689
0.3847256302833557
0.3744485378265381
0.39228034019470215
0.4344651401042938
0.33913150429725647
0.4767511487007141
0.4181995391845703
0.401250422000885
0.46405941247940063
0.4446299076080322
0.37223899364471436
0.39869505167007446
0.39130979776382446
0.35293251276016235
0.39076244831085205
0.45571887493133545
0.43830806016921997
0.38908353447914124
0.42485809326171875
0.4368414878845215
0.4642050266265869
0.4273063540458679
0.3585101366043091
0.3854028582572937
0.3853098750114441
0.39075687527656555
0.4238455891609192
0.41698771715164185
0.3731730580329895
0.43277525901794434
0.25908201932907104
0.41599783301353455
0.41668277978897095
0.4262586832046509
0.3950174152851105
0.35218411684036255
0.4312432110309601
0.4480017125606537
0.37300315499305725
0.43944835662841797
0.4457055330276489
0.3971141576766968
0.4087448716163635
0.40229251980781555
0.37397727370262146
0.39430660009384155
0.418351411819458
0.41689518094062805
0.4256269931793213
0.44221851229667664
0.4106885492801666
0.4584292769432068
0.41475796699523926
0.38551634550094604
0.39381709694862366
0.3746596574783325
0.372975617647171
0.3743608891963959
0.4273458421230316
0.3750724196434021
0.45538637042045593
0.3805118501186371
0.40222328901290894
0.3927193880081177
0.39364442229270935
0.4122644066810608
0.361567884683609
0.4258909523487091
0.46952754259109497
0.43185895681381226
0.35563454031944275
0.4427372217178345
0.35620343685150146
0.42019468545913696
0.39991000294685364
0.4228394031524658
0.4223667085170746
0.37990602850914
0.36815857887268066
0.43036794662475586
0.34304505586624146
0.34366631507873535
0.3916656970977783
0.3532613515853882
0.4098086357116699
0.37746381759643555
0.3847137689590454
0.46877360343933105
0.356669545173645
0.40088289976119995
0.387500137090683
0.41602450609207153
0.37284448742866516
0.446507066488266
0.34877488017082214
0.38688933849334717
0.3640994131565094
0.4184556305408478
0.4461873769760132
0.39850249886512756
0.421588659286499
0.400908887386322
0.41881781816482544
0.39309680461883545
0.38583412766456604
0.4693722426891327
0.41033822298049927
0.46773242950439453
0.47746598720550537
0.44388678669929504
0.3963300585746765
0.3242420554161072
0.44651633501052856
0.4555400311946869
0.3898375630378723
0.4304690957069397
0.39241912961006165
0.36451616883277893
0.366538405418396
0.344207763671875
0.41024065017700195
0.41657736897468567
0.36728402972221375
0.3707723021507263
0.3654502034187317
0.3530690670013428
0.35197150707244873
0.3916485607624054
0.36240604519844055
0.35889512300491333
0.4298674166202545
0.4192337095737457
0.3490941524505615
0.37433141469955444
0.3949187994003296
0.3859902620315552
0.39495849609375
0.4106195569038391
0.38202428817749023
0.41611939668655396
0.3589628040790558
0.4135535955429077
0.36998969316482544
0.4241263270378113
0.4056429862976074
0.33344966173171997
0.37964653968811035
0.41456902027130127
0.2851218581199646
0.43966740369796753
0.3586350083351135
0.39348942041397095
0.410269558429718
0.4285055994987488
0.4080325663089752
0.4121543765068054
0.4367961585521698
0.37847962975502014
0.32786819338798523
0.3949228823184967
0.35736387968063354
0.39246076345443726
0.341002494096756
0.37041860818862915
0.40954893827438354
0.4160878658294678
0.4220377802848816
0.3907192349433899
0.39156386256217957
0.3818606734275818
0.4056609869003296
0.37219250202178955
0.373025119304657
0.37952500581741333
0.500768780708313
0.36901426315307617
0.34783798456192017
0.40668851137161255
0.3610326945781708
0.3570476770401001
0.4046568274497986
0.4282723069190979
0.4445282816886902
0.3760339319705963
0.4147098958492279
0.39969614148139954
0.47549155354499817
0.40805724263191223
0.3877214789390564
0.29896116256713867
0.441982626914978
0.42436400055885315
0.4339289665222168
0.3861733078956604
0.3987346291542053
0.4353480339050293
0.43384668231010437
0.4916853904724121
0.4928797781467438
0.38413041830062866
0.3874332904815674
0.4426766037940979
0.4715900123119354
0.3838614225387573
0.39093366265296936
0.3055665194988251
0.3790683150291443
0.4680774211883545
0.36802637577056885
0.38041287660598755
0.4175112247467041
0.3614920675754547
0.40939950942993164
0.41058480739593506
0.35796695947647095
0.3331058621406555
0.3999091684818268
0.43209144473075867
0.4160310924053192
0.4070475399494171
0.4289529323577881
0.3946610391139984
0.41690677404403687
0.41172125935554504
0.34373459219932556
0.43215706944465637
0.425247460603714
0.4472511112689972
0.42625412344932556
0.43760716915130615
0.41158854961395264
0.3682273030281067
0.40164393186569214
0.3627435863018036
0.41759324073791504
0.3990863263607025
0.4569944739341736
0.44692569971084595
0.3878231644630432
0.42835432291030884
0.43363168835639954
0.38577133417129517
0.39537572860717773
0.44618743658065796
0.4556822180747986
0.4243161678314209
0.4471699893474579
0.4401476979255676
0.3715539574623108
0.40913671255111694
0.4547225832939148
0.43135344982147217
0.4159359931945801
0.42727601528167725
0.3877798616886139
0.4166467785835266
0.4381785988807678
0.3993932604789734
0.4337153434753418
0.447100430727005
0.4309471845626831
0.4711197018623352
0.3769925534725189
0.4194917678833008
0.3563462197780609
0.46188926696777344
0.37875431776046753
0.3657752275466919
0.3343007266521454
0.38866403698921204
0.39832615852355957
0.34007227420806885
0.3875042200088501
0.31711655855178833
0.3851463794708252
0.3742365837097168
0.41766056418418884
0.39403825998306274
0.3651226758956909
0.34376245737075806
0.4062042236328125
0.41332483291625977
0.3599545359611511
0.34509527683258057
0.26991158723831177
0.39740538597106934
0.39570707082748413
0.3655761480331421
0.3228130340576172
0.4102017283439636
0.4182262420654297
0.4436115622520447
0.448344349861145
0.39348334074020386
0.46170902252197266
0.45405152440071106
0.44725272059440613
0.41213250160217285
0.4279484152793884
0.46511536836624146
0.3935716152191162
0.4207966923713684
0.41465654969215393
0.38545674085617065
0.48724597692489624
0.3738674521446228
0.36182260513305664
0.38434159755706787
0.37828153371810913
0.3449438810348511
0.319269597530365
0.43457356095314026
0.44183382391929626
0.41396790742874146
0.4343861937522888
0.32295143604278564
0.42204269766807556
0.3773888945579529
0.384634405374527
0.41788026690483093
0.49618402123451233
0.377732515335083
0.33215609192848206
0.436082661151886
0.441797137260437
0.37853896617889404
0.36696887016296387
0.3753508925437927
0.4053618311882019
0.3672603368759155
0.3026632070541382
0.45016711950302124
0.3902336061000824
0.4008908271789551
0.4627644419670105
0.43885159492492676
0.3893975615501404
0.41568654775619507
0.41960573196411133
0.4566442370414734
0.3743741512298584
0.4190082848072052
0.41142916679382324
0.4472857415676117
0.43701398372650146
0.3880494236946106
0.3638453185558319
0.4148273468017578
0.4420652985572815
0.4209802746772766
0.398576557636261
0.4257104992866516
0.3920460343360901
0.4254682660102844
0.40743863582611084
0.3799145519733429
0.39092424511909485
0.36826229095458984
0.39486175775527954
0.4735630750656128
0.4323422312736511
0.37463152408599854
0.38682788610458374
0.42558181285858154
0.4750503897666931
0.3863059878349304
0.3776664435863495
0.36576810479164124
0.39334726333618164
0.41969621181488037
0.3639107346534729
0.38498082756996155
0.4202401638031006
0.4084833264350891
0.3709096312522888
0.3335205316543579
0.3493160009384155
0.38928550481796265
0.41634124517440796
0.4316045045852661
0.3308331370353699
0.3493604362010956
0.36092156171798706
0.35315465927124023
0.3315596878528595
0.3700188994407654
0.41421055793762207
0.3821289539337158
0.3715863823890686
0.35359835624694824
0.4101243019104004
0.4054240882396698
0.359335720539093
0.3813161849975586
0.42674851417541504
0.3762279152870178
0.34120047092437744
0.4448292851448059
0.414802223443985
0.4314514696598053
0.3292599618434906
0.4219893217086792
0.4629642069339752
0.44875842332839966
0.3982967138290405
0.4244047999382019
0.40658068656921387
0.3666672110557556
0.3725135326385498
0.35640084743499756
0.3806725740432739
0.35171401500701904
0.3470074534416199
0.35491079092025757
0.4099477231502533
0.4261246919631958
0.36321431398391724
0.3891839385032654
0.31339317560195923
0.358340859413147
0.33796441555023193
0.403607577085495
0.3772408962249756
0.4089837670326233
0.434471070766449
0.3007747232913971
0.40095213055610657
0.3938150703907013
0.41503673791885376
0.3929322361946106
0.35968342423439026
0.3484921455383301
0.36204975843429565
0.4248110055923462