0.5896958112716675
0.8252391815185547
0.741003692150116
0.75541752576828
0.7672057747840881
0.8675296306610107
0.7541590332984924
0.6527537107467651
0.7144676446914673
0.6690142154693604
0.7190390229225159
0.7984732389450073
0.7848360538482666
0.8211256861686707
0.7603726983070374
0.6931979656219482
0.6465808749198914
0.7769039869308472
0.8035738468170166
0.7946350574493408
0.6581829786300659
0.7892681360244751
0.7769889831542969
0.7630435228347778
0.6253243088722229
0.7697488069534302
0.6998751163482666
0.607187032699585
0.7476605772972107
0.6253848671913147
0.7579593062400818
0.6203034520149231
0.6282215118408203
0.7153986692428589
0.6329935789108276
0.7031269073486328
0.5790050029754639
0.33929988741874695
0.5200697183609009
0.53693687915802
0.5606001019477844
0.6754785776138306
0.7103239893913269
0.5943061113357544
0.5085561275482178
0.46308284997940063
0.4538366198539734
0.5308985710144043
0.5267515778541565
0.6298198699951172
0.5814027190208435
0.650856077671051
0.5026336908340454
0.611458957195282
0.660464882850647
0.5359992384910583
0.4919682741165161
0.5191041231155396
0.4981256127357483
0.5038452744483948
0.6063753366470337
0.7312369346618652
0.548383355140686
0.6209858059883118
0.6031118631362915
0.6515078544616699
0.6054483652114868
0.5608094334602356
0.6532413959503174
0.646044909954071
0.6248717904090881
0.6686254739761353
0.514960765838623
0.7127879858016968
0.5786866545677185
0.7260808944702148
0.5442894101142883
0.5131403207778931
0.6856999397277832
0.8170422315597534
0.8532636761665344
0.5648373365402222
0.6679494380950928
0.670704185962677
0.7832167148590088
0.658629298210144
0.6255756616592407
0.6224828958511353
0.6245690584182739
0.5864611864089966
0.689716100692749
0.45824477076530457
0.6045864820480347
0.7384190559387207
0.5963429808616638
0.6289808750152588
0.6383883953094482
0.6496524810791016
0.44974762201309204
0.6391131281852722
0.5832185745239258
0.6222562789916992
0.4883648753166199
0.5876243710517883
0.6934188008308411
0.7951725125312805
0.5741940140724182
0.5428194999694824
0.6712541580200195
0.5647455453872681
0.6302822828292847
0.5655316114425659
0.6085890531539917
0.7954949736595154
0.652734637260437
0.4438464045524597
0.6088757514953613
0.5354804992675781
0.49004077911376953
0.5672382116317749
0.5730746984481812
0.435078501701355
0.6395926475524902
0.8546173572540283
0.4768606722354889
0.58199143409729
0.7312661409378052
0.5376787185668945
0.5717689990997314
0.7792386412620544
0.8799392580986023
0.560950756072998
0.7928898930549622
0.7084695100784302
0.7538819313049316
0.8252532482147217
0.5870479345321655
0.6378904581069946
0.5862901210784912
0.5060922503471375
0.6064823865890503
0.7590985298156738
0.5943970084190369
0.6977612972259521
0.5863529443740845
0.44717323780059814
0.6900834441184998
0.5493295192718506
0.5063678026199341
0.6178474426269531
0.5771523118019104
0.6483016610145569
0.6331461668014526
0.4809294641017914
0.4664522707462311
0.44015294313430786
0.4637756049633026
0.5616815090179443
0.7219057083129883
0.536810040473938
0.6500903367996216
0.5812946557998657
0.5817703008651733
0.477274626493454
0.49948883056640625
0.6612024903297424
0.5976244211196899
0.5844383239746094
0.66193687915802
0.7976316809654236
0.7002222537994385
0.7270812392234802
0.6397903561592102
0.6042335629463196
0.6393462419509888
0.5641627311706543
0.6356669664382935
0.7567727565765381
0.6461966037750244
0.6418421864509583
0.6620643138885498
0.686819851398468
0.6724261045455933
0.7107405662536621
0.6755704283714294
0.7012907862663269
0.6265653371810913
0.6159049272537231
0.6079472303390503
0.6982964277267456
0.7539386749267578
0.791702389717102
0.527921736240387
0.6271233558654785
0.6144349575042725
0.6548858284950256
0.719253659248352
0.504472017288208
0.5176637768745422
0.5863443613052368
0.7490037679672241
0.5107148885726929
0.6987619400024414
0.6964942216873169
0.7224717736244202
0.5223225355148315
0.5899364948272705
0.5852797031402588
0.7136095762252808
0.6244421005249023
0.813713788986206
0.888550877571106
0.8475407361984253
0.7448359727859497
0.8086050748825073
0.6810338497161865
0.6042139530181885
0.4734613001346588
0.8250146508216858
0.5603653192520142
0.561887264251709
0.6613080501556396
0.7790029644966125
0.8105825781822205
0.6700990796089172
0.47917771339416504
0.4368610382080078
0.5855844020843506
0.6448372602462769
0.8512977361679077
0.7981235980987549
0.641527533531189
0.4724726676940918
0.6823914051055908
0.5213668346405029
0.5188248157501221
0.6663697957992554
0.7418425679206848
0.8119361996650696
0.5946276187896729
0.6695044040679932
0.7300524711608887
0.653364896774292
0.6654971241950989
0.6952173709869385
0.8266500234603882
0.5332323312759399
0.7633010149002075
0.401896595954895
0.47306883335113525
0.595774233341217
0.6675667762756348
0.6894892454147339
0.5890637040138245
0.5383994579315186
0.6556705236434937
0.739997148513794
0.8501056432723999
0.38396281003952026
0.3651418387889862
0.5176168084144592
0.7375856637954712
0.6829251646995544
0.5925686359405518
0.39212220907211304
0.7371174693107605
0.6150413751602173
0.5580278038978577
0.7431972026824951
0.7424789667129517
0.5518920421600342
0.6211925745010376
0.8086041808128357
0.5845073461532593
0.7712675333023071
0.5845831632614136
0.7205919027328491
0.7563009858131409
0.4165433943271637
0.669748067855835
0.6911593675613403
0.46783018112182617
0.5948353409767151
0.6257979869842529
0.7595403790473938
0.8242548108100891
0.5145206451416016
0.4435788094997406
0.6675546169281006
0.5984155535697937
0.5327928066253662
0.7606005668640137
0.7782106399536133
0.6043367385864258
0.49790075421333313
0.6724014282226562
0.7884841561317444
0.597073495388031
0.5135961174964905
0.6338017582893372
0.8110316395759583
0.5892707109451294
0.633029043674469
0.6170086860656738
0.6052692532539368
0.5054613351821899
0.6642054915428162
0.5553199648857117
0.5657211542129517
0.6157873868942261
0.5268567800521851
0.3312678635120392
0.6799056529998779
0.6567388772964478
0.5476685762405396
0.745038628578186
0.5682125091552734
0.5963931679725647
0.6254511475563049
0.6910075545310974
0.7731689214706421
0.6974056959152222
0.686192512512207
0.7750946283340454
0.5608996152877808
0.6668935418128967
0.7055659294128418
0.7475574016571045
0.7929542064666748
0.7199880480766296
0.6766583919525146
0.79808109998703
0.5717194080352783
0.5823104381561279
0.6110316514968872
0.5319235324859619
0.6851323843002319
0.6697760224342346
0.651206374168396
0.7749955058097839
0.7258630990982056
0.6441707611083984
0.6626119017601013
0.6721489429473877
0.6366528272628784
0.7507534623146057
0.716606855392456
0.6293995380401611
0.5994725227355957
0.5723745822906494
0.6394813656806946
0.6335628032684326
0.5651339888572693
0.7295448780059814
0.605065107345581
0.6148805022239685
0.689903199672699
0.8354232311248779
0.6359262466430664
0.5948013663291931
0.6339584589004517
0.8122973442077637
0.8824019432067871
0.6007103323936462
0.7002115249633789
0.6444792747497559
0.7233730554580688
0.4618613123893738
0.844872236251831
0.7037273049354553
0.5171011686325073
0.4428015351295471
0.8172839879989624
0.4948788583278656
0.8916904926300049
0.7374798059463501
0.7842041254043579
0.78307044506073
0.7392283082008362
0.7584272027015686
0.7499826550483704
0.7508026361465454
0.68096923828125
0.8763582110404968
0.7090412974357605
0.7111517190933228
0.8254318833351135
0.4504374563694
0.5592368841171265
0.5272521376609802
0.6437064409255981
0.547344446182251
0.8194236755371094
0.7842438817024231
0.7348458170890808
0.7301750779151917
0.5493224859237671
0.5633704662322998
0.8249517679214478
0.7759757041931152
0.7398521900177002
0.5092104077339172
0.7122281789779663
0.7216923236846924
0.7105885744094849
0.8061992526054382
0.8437987565994263
0.7538663148880005
0.6410120725631714
0.7683233022689819
0.7682392597198486
0.8434699773788452
0.8002302050590515
0.844636857509613
0.6971007585525513
0.5192224383354187
0.6467292308807373
0.6072437167167664
0.5905544757843018
0.7600715756416321
0.581694483757019
0.5955727696418762
0.5473160743713379
0.5257289409637451
0.5111201405525208
0.5504746437072754
0.5814478993415833
0.5267536044120789
0.5915317535400391
0.6134310960769653
0.5247121453285217
0.546322226524353
0.5564321279525757
0.5495156049728394
0.4734291434288025
0.5010793209075928
0.5457367300987244
0.6328577995300293
0.6009106040000916
0.6300830841064453
0.5140318274497986
0.6113035082817078
0.5523179173469543
0.7728691101074219
0.5147095918655396
0.6115809679031372
0.7552664875984192
0.7805533409118652
0.5916393995285034
0.717339277267456
0.707100510597229
0.7100436687469482
0.5352270603179932
0.5220432877540588
0.643221378326416
0.574319064617157
0.5947238206863403
0.7906856536865234
0.7139813899993896
0.6721891164779663
0.6207338571548462
0.5848702788352966
0.7142075896263123
0.6881164312362671
0.5777159929275513
0.6763972043991089
0.6748107671737671
0.6277233362197876
0.5281839370727539
0.5635377168655396
0.5940383076667786
0.6722321510314941
0.6981576681137085
0.6272848844528198
0.6564697027206421
0.48022210597991943
0.6313475370407104
0.5094350576400757
0.7100054025650024
0.6855480670928955
0.626662015914917
0.7070271372795105
0.8049880862236023
0.6027288436889648
0.5898139476776123
0.6618713140487671
0.5560328364372253
0.8355458974838257
0.8251659870147705
0.7892324924468994
0.8584285378456116
0.7998363971710205
0.742377758026123
0.5709407925605774
0.7856968641281128
0.5140880942344666
0.642530620098114
0.6601566076278687
0.7586169838905334
0.6886264085769653
0.4814479649066925
0.45688295364379883
0.7084865570068359
0.5365686416625977
0.5862874984741211
0.7789913415908813
0.6262362003326416
0.39059022068977356
0.649300217628479
0.6142994165420532
0.6747370958328247
0.6960870027542114
0.6528246998786926
0.7671650648117065
0.46026676893234253
0.7645316123962402
0.613869309425354
0.5855580568313599
0.5470938682556152
0.6432475447654724
0.7409622669219971
0.8190580606460571
0.5396466255187988
0.7097607851028442
0.6797916293144226
0.8430763483047485
0.7040666341781616
0.6252306699752808
0.5532530546188354
0.702415406703949
0.6557258367538452
0.6006645560264587
0.6955682635307312
0.6847078800201416
0.6590851545333862
0.6319977045059204
0.6046391725540161
0.7538324594497681
0.6444640159606934
0.7311201095581055
0.6303985714912415
0.6694645285606384
0.6787846684455872
0.7620642781257629
0.7620292901992798
0.7190871238708496
0.6419386863708496
0.8112301826477051
0.770902156829834
0.6743278503417969
0.7386392951011658
0.7468526363372803
0.6901501417160034
0.788080632686615
0.6319495439529419
0.45902279019355774
0.6752504706382751
0.7555922269821167
0.6723626852035522
0.6342385411262512
0.5464569926261902
0.7763465642929077
0.6600841283798218
0.7004342079162598
0.8582092523574829
0.5652377605438232
0.5978463888168335
0.5111388564109802
0.606035590171814
0.8548625111579895
0.7701631784439087
0.7362502217292786
0.6294223070144653
0.6724526286125183
0.8047618269920349
0.7545778155326843
0.6436536312103271
0.6646822094917297
0.49548375606536865
0.6661744117736816
0.696660041809082
0.47305163741111755
0.7724921107292175
0.7085960507392883
0.7002979516983032
0.6439910531044006
0.7259632349014282
0.6547471284866333
0.7825380563735962
0.8020895719528198
0.5046947598457336
0.5737136006355286
0.5859518647193909
0.7313953638076782
0.5741080045700073
0.8124974966049194
0.5914360284805298
0.771011233329773
0.7544389963150024
0.7732358574867249
0.7678424119949341
0.7380452156066895
0.7677388191223145
0.6524415016174316
0.4194243550300598
0.6789955496788025
0.759078860282898
0.7406355142593384
0.6615824699401855
0.5737757682800293
0.686987042427063
0.6272279620170593
0.6655376553535461
0.7399504780769348
0.6470420360565186
0.6611490249633789
0.5703266859054565
0.7403491735458374
0.6767838597297668
0.664620041847229
0.6638804078102112
0.696696400642395
0.6245585083961487
0.5539802312850952
0.8275953531265259
0.6599416136741638
0.6884843111038208
0.3534463047981262
0.5477654933929443
0.622645378112793
0.7090947031974792
0.7394605875015259
0.6060119867324829
0.5966061353683472
0.6511791944503784
0.6605708599090576
0.6456948518753052
0.7448831796646118
0.6777656674385071
0.6659796833992004
0.7434108257293701
0.6650618314743042
0.6997251510620117
0.684529185295105
0.6673263311386108
0.7839546203613281
0.7825325727462769
0.6785683631896973
0.7937753200531006
0.7206102609634399
0.6172065734863281
0.6109024286270142
0.7122189998626709
0.6048116683959961
0.6025649309158325
0.7382150888442993
0.6407991051673889
0.7036275863647461
0.807990550994873
0.6197578310966492
0.6212342381477356
0.6885086297988892
0.7915535569190979
0.8084584474563599
0.558624267578125
0.8809045553207397
0.7860132455825806
0.8358527421951294
0.5547062754631042
0.59833824634552
0.7981328368186951
0.7548465728759766
0.7540963888168335
0.7147889137268066
0.7841081619262695
0.593781590461731
0.8438794016838074
0.4962630271911621
0.602668046951294
0.5659425258636475
0.7606618404388428
0.6739885807037354
0.50226891040802
0.4929625689983368
0.6563484072685242
0.737923264503479
0.7624080181121826
0.717490553855896
0.8508323431015015
0.8238698244094849
0.7432559728622437
0.8202108144760132
0.5645905137062073
0.5268122553825378
0.7615363597869873
0.7111214995384216
0.6454752683639526
0.6178407669067383
0.4779680669307709
0.48784342408180237
0.5514180660247803
0.6370378732681274
0.5348494052886963
0.805654764175415
0.7444186210632324
0.7250689268112183
0.7328184843063354
0.5567022562026978
0.6920357942581177
0.5213736295700073
0.5545408129692078
0.7414085865020752
0.8439993858337402
0.6787669658660889
0.5729057192802429
0.6954910755157471
0.8337335586547852
0.3632769286632538
0.5962898135185242
0.4474092721939087
0.5160585641860962
0.4581446349620819
0.5154991149902344
0.4975407123565674
0.7206170558929443
0.4940907657146454
0.5824441909790039
0.6189323663711548
0.7113263607025146
0.7558149695396423
0.5575655698776245
0.5725710391998291
0.5518351197242737
0.535300612449646
0.5096902847290039
0.4400668740272522
0.4382075369358063
0.48023879528045654
0.5520246028900146
0.5718209743499756
0.48104557394981384
0.587442934513092
0.44651123881340027
0.45255422592163086
0.6399312019348145
0.6241161823272705
0.48436978459358215
0.43200671672821045
0.6786705255508423
0.514089822769165
0.7814902067184448
0.6574325561523438
0.7602908611297607
0.7696281671524048
0.26457130908966064
0.6686173677444458
0.5337525606155396
0.6042733192443848
0.5784913301467896
0.719536542892456
0.6712988018989563
0.6593118906021118
0.6266223192214966
0.5213603377342224
0.6363610029220581
0.5585076808929443
0.6372241973876953
0.685258150100708
0.5636298656463623
0.6121534109115601
0.6279953718185425
0.6718589067459106
0.6300965547561646
0.6659318804740906
0.6867749094963074
0.6042689085006714
0.6835877895355225
0.6275164484977722
0.6230303049087524
0.6118302345275879
0.7337392568588257
0.6575257778167725
0.5610165596008301
0.6739521026611328
0.6437157392501831
0.6147732138633728
0.6607702374458313
0.4856420159339905
0.5879112482070923
0.7812556624412537
0.6352629065513611
0.7738633155822754
0.5780551433563232
0.4917030334472656
0.721216082572937
0.6961843967437744
0.7600407004356384
0.7295602560043335
0.6691420078277588
0.5487279891967773
0.5096324682235718
0.6319825649261475
0.7793668508529663
0.7383692264556885
0.8265804648399353
0.7375731468200684
0.7590928673744202
0.5646001100540161
0.6395490765571594
0.5967676639556885
0.7478822469711304
0.6441240906715393
0.5659244060516357
0.4830421507358551
0.5772755146026611
0.5660145878791809
0.6585314273834229
0.6674753427505493
0.5583904981613159
0.6622649431228638
0.48498886823654175
0.587602436542511
0.733446478843689
0.6775309443473816
0.6839891672134399
0.6109662055969238
0.46895772218704224
0.6055834293365479
0.6695687174797058
0.6091383695602417
0.6213635206222534
0.7356225252151489
0.46264031529426575
0.5533978939056396
0.553977370262146
0.5767048597335815
0.4000202417373657
0.6030144095420837
0.8379003405570984
0.7782151699066162
0.6609402894973755
0.468423068523407
0.6145622730255127
0.7379070520401001
0.5538816452026367
0.5496453046798706
0.6430385112762451
0.43680307269096375
0.6971093416213989
0.6039806604385376
0.6031372547149658
0.5608934164047241
0.676621675491333
0.6106488108634949
0.5622848272323608
0.6920336484909058
0.7862619757652283
0.6773350238800049
0.7048314809799194
0.7157813310623169
0.6653391122817993
0.7522566318511963
0.7645424604415894
0.7876092195510864
0.6650968790054321
0.6381220817565918
0.7306404113769531
0.5967950224876404
0.6843275427818298
0.6379079818725586
0.7232018709182739
0.7026699185371399
0.7601994872093201
0.752516508102417
0.5851515531539917
0.6542066931724548
0.6405600309371948
0.4477505683898926
0.5486596822738647
0.6866834163665771
0.5673338174819946
0.5326668620109558
0.4666123390197754
0.6016412973403931
0.534851610660553
0.710943341255188
0.5978035926818848
0.6138137578964233
0.4953894019126892
0.8276365995407104
0.7433605790138245
0.7310705184936523
0.8403627276420593
0.7763609886169434
0.799219012260437
0.8098222017288208
0.7034287452697754
0.6771842837333679
0.555762767791748
0.5298968553543091
0.47108572721481323
0.521991491317749
0.7070315480232239
0.6984405517578125
0.5322126746177673
0.7072591185569763
0.7844786643981934
0.5279290676116943
0.5104381442070007
0.4692530035972595
0.43296438455581665
0.6659924983978271
0.5976197719573975
0.46019846200942993
0.7132079601287842
0.44509607553482056
0.6226354241371155
0.744352400302887
0.6624899506568909
0.7825917601585388
0.7378165125846863
0.6729269027709961
0.6521893739700317
0.8184574842453003
0.5591001510620117
0.5366773009300232
0.5172687768936157
0.6204078793525696
0.6664156317710876
0.45390522480010986
0.5704867243766785
0.8203855156898499
0.7234706878662109
0.6833691596984863
0.6483414769172668
0.5632578134536743
0.6361786127090454
0.6256365776062012
0.632236659526825
0.757632315158844
0.747130274772644
0.7041347026824951
0.5878109931945801
0.6623023748397827
0.7106978893280029
0.580297589302063
0.6275017261505127
0.7043412923812866
0.6614704132080078
0.69041508436203
0.5748167037963867
0.5769252777099609
0.538162112236023
0.5529001355171204
0.4759639799594879
0.5593364238739014
0.5976097583770752
0.5597661733627319
0.561340868473053
0.6676315069198608
0.6108219027519226
0.4985356330871582
0.6200973987579346
0.5410624742507935
0.5399730205535889
0.5804109573364258
0.6077396869659424
0.7691978812217712
0.623147189617157
0.7495034337043762
0.5244381427764893
0.7238121032714844
0.6749104261398315
0.7167739868164062
0.6475052833557129
0.7989939451217651
0.6827802658081055
0.6875065565109253
0.7169941663742065
0.6766341924667358
0.6834502816200256
0.6886195540428162
0.6659108996391296
0.570121169090271
0.5973377823829651
0.5610142946243286
0.5479685068130493
0.636116623878479
0.7167661190032959
0.5581678152084351
0.7694329619407654
0.6984708309173584
0.6754298210144043
0.778348445892334
0.7488428354263306
0.77906334400177
0.7846473455429077
0.7426695227622986
0.6053299307823181
0.46606579422950745
0.7193434238433838
0.6568373441696167
0.7527087926864624
0.6703100800514221
0.7541322708129883
0.6765287518501282
0.6979396939277649
0.7971276044845581
0.5479651689529419
0.5344480872154236
0.4472256898880005
0.6752692461013794
0.6034711003303528
0.5619896650314331
0.7316340208053589
0.7394847869873047
0.803650975227356
0.8845843076705933
0.8420040607452393
0.8394178152084351
0.5545265674591064
0.6201807260513306
0.8487482070922852
0.8831431865692139
0.6426546573638916
0.6976474523544312
0.45185208320617676
0.4819512665271759
0.5350300669670105
0.604027271270752
0.707763135433197
0.6378892064094543
0.5035659074783325
0.49858736991882324
0.4223676025867462
0.48784035444259644
0.4820564389228821
0.5433006286621094
0.4282972812652588
0.7337514162063599
0.5880587697029114
0.581433892250061
0.7009840607643127
0.6708450317382812
0.5965702533721924
0.4843677878379822
0.6062655448913574
0.5769602060317993
0.7767537832260132
0.5965961813926697
0.6933237910270691
0.4534279406070709
0.7404578328132629
0.33250612020492554
0.5135185122489929
0.3160448968410492
0.4269435405731201
0.38224923610687256
0.3707044720649719
0.45869702100753784
0.459025502204895
0.5833619832992554
0.6602798700332642
0.46862679719924927
0.5676372051239014
0.4915522336959839
0.5608201622962952
0.6147851347923279
0.6382061839103699
0.24942371249198914
0.44402796030044556
0.38982221484184265
0.3530971109867096
0.32361069321632385
0.4059668183326721
0.3777061104774475
0.36203283071517944
0.36430975794792175
0.34412240982055664
0.4086453914642334
0.5111939907073975
0.5294334888458252
0.6422784328460693
0.6882383823394775
0.46751710772514343
0.3510878086090088
0.631211519241333
0.6524227261543274
0.42558354139328003
0.356967568397522
0.5092991590499878
0.5502758026123047
0.40702274441719055
0.6558126211166382
0.6497969627380371
0.6602439880371094
0.4790709316730499
0.6156331300735474
0.6500530242919922
0.5448375940322876
0.6226953268051147
0.44812387228012085
0.6359655857086182
0.5477632880210876
0.598405659198761
0.44492417573928833
0.5369070768356323
0.5231372117996216
0.5466185808181763
0.5426282286643982
0.669631838798523
0.5290784239768982
0.5031814575195312
0.6231553554534912
0.6344632506370544
0.5464224219322205
0.5635381937026978
0.4909318685531616
0.628816545009613
0.6113615036010742
0.5018038749694824
0.5152889490127563
0.7034821510314941
0.5392531156539917
0.7060719728469849
0.6425864696502686
0.5174179673194885
0.3988102674484253
0.6775580048561096
0.7791961431503296
0.6413986682891846
0.6698333024978638
0.37115123867988586
0.3767889738082886
0.42956188321113586
0.5946095585823059
0.6172558069229126
0.5844026803970337
0.7786645889282227
0.5847755670547485
0.642385721206665
0.5673841834068298
0.44461703300476074
0.48031777143478394
0.4876194894313812
0.4158153533935547
0.48927760124206543
0.4666971266269684
0.5200390815734863
0.6053194999694824
0.495000958442688
0.6607513427734375
0.5024892091751099
0.7132520079612732
0.5688844919204712
0.48973190784454346
0.5968605875968933
0.35947293043136597
0.47106829285621643
0.44415080547332764
0.5109562873840332
0.5995737910270691
0.3384771943092346
0.3319137394428253
0.5013455152511597
0.44321224093437195
0.5248963236808777
0.4489704966545105
0.460426390171051
0.46403101086616516
0.45189258456230164
0.529656171798706
0.5823496580123901
0.5874420404434204
0.6549638509750366
0.6102994680404663
0.38952136039733887
0.5651739239692688
0.5112314224243164
0.7855810523033142
0.6675552129745483
0.6985089778900146
0.6699339151382446
0.7774652242660522
0.788659930229187
0.6279189586639404
0.6818416118621826
0.790681004524231
0.7319201231002808
0.6469133496284485
0.8436300754547119
0.706525444984436
0.762647807598114
0.5143237113952637
0.43205752968788147
0.5768274664878845
0.6041002869606018
0.6923747658729553
0.6601571440696716
0.49304839968681335
0.5034666061401367
0.5073440074920654
0.42916274070739746
0.49705368280410767
0.8066762685775757
0.711068868637085
0.6817011833190918
0.7804569602012634
0.7669183015823364
0.700576663017273
0.8003921508789062
0.5816296339035034
0.5841332674026489
0.6112692356109619
0.7222663760185242
0.7455036044120789
0.6789151430130005
0.5856773853302002
0.49445122480392456
0.43906170129776
0.4022776484489441
0.460894376039505
0.5171297788619995
0.4590425491333008
0.7939719557762146
0.6056334972381592
0.5145083069801331
0.4642430543899536
0.4396929144859314
0.4298741817474365
0.7699492573738098
0.7265164852142334
0.6878156661987305
0.6844605207443237
0.6509701013565063
0.7320133447647095
0.48424848914146423
0.6692401170730591
0.5914642214775085
0.5589982271194458
0.5667706727981567
0.5582200288772583
0.5811513662338257
0.5606131553649902
0.732778787612915
0.6008939146995544
0.6541241407394409
0.8300126791000366
0.6637333035469055
0.41627296805381775
0.4362111985683441
0.6003133058547974
0.37840545177459717
0.5711498260498047
0.47750139236450195
0.38472655415534973
0.35924744606018066
0.7345207333564758
0.7629187107086182
0.8050110340118408
0.5972257852554321
0.4804594814777374
0.5415116548538208
0.5539355278015137
0.5495806336402893
0.6350612640380859
0.618751049041748
0.5712536573410034
0.6998113393783569
0.6398319602012634
0.4475955665111542
0.5084649324417114
0.6219149827957153
0.5723584890365601
0.5332291126251221
0.4779769778251648
0.460801899433136
0.6207789182662964
0.7008307576179504
0.7573447823524475
0.3856857419013977
0.3673061430454254
0.4592646360397339
0.5410113334655762
0.5426164269447327
0.5628456473350525
0.5820741653442383
0.6716519594192505
0.5860910415649414
0.6042919158935547
0.5230907201766968
0.579920768737793
0.5893068313598633
0.614098072052002
0.586345374584198
0.6745423078536987
0.5858617424964905
0.5597845315933228
0.6105034351348877
0.701808512210846
0.5687621235847473
0.6254472136497498
0.523530125617981
0.6316888928413391
0.5312918424606323
0.6736982464790344
0.5469684600830078
0.6983242034912109
0.7132649421691895
0.5908716320991516
0.4660440683364868
0.7267224788665771
0.5753461718559265
0.7255393266677856
0.6166126132011414
0.7149934768676758
0.7035449743270874
0.7975883483886719
0.8078232407569885
0.7930120825767517
0.5555359125137329
0.7813926935195923
0.5250974297523499
0.5161864161491394
0.6446288824081421
0.4541679918766022
0.5841189622879028
0.6810700297355652
0.8225210905075073
0.6882692575454712
0.44757306575775146
0.85555100440979
0.7186547517776489
0.3770999610424042
0.38573044538497925
0.4884086549282074
0.7061874270439148
0.41639772057533264
0.3977506756782532
0.3114643692970276
0.44749245047569275
0.5696871280670166
0.6784130334854126
0.4360746145248413
0.4119672179222107
0.3407021760940552
0.48048874735832214
0.40288782119750977
0.5211750268936157
0.4821726977825165
0.49881666898727417
0.40931347012519836
0.6739659309387207
0.6485615968704224
0.5907391309738159
0.5854314565658569
0.5488185286521912
0.572689414024353
0.3801003694534302
0.44297677278518677
0.6963019371032715
0.37772348523139954
0.5105464458465576
0.40137413144111633
0.5643106698989868
0.2526813745498657
0.3706526756286621
0.2953844964504242
0.3149084150791168
0.34523361921310425
0.3526504635810852
0.3900250792503357
0.3968677520751953
0.46336543560028076
0.5713351964950562
0.5380456447601318
0.549169659614563
0.17944544553756714
0.4684825539588928
0.4953887462615967
0.3128319978713989
0.27140021324157715
0.39756643772125244
0.6795486211776733
0.6340631246566772
0.40914323925971985
0.26706206798553467
0.558752179145813
0.3558688759803772
0.3560740351676941
0.4024968445301056
0.3786877989768982
0.3622373342514038
0.4354342818260193
0.5088843107223511
0.5084332227706909
0.4007624387741089
0.4191093444824219
0.5149222612380981
0.5126075744628906
0.49720537662506104
0.557045042514801
0.3686181306838989
0.3653327226638794
0.38741880655288696
0.6491829752922058
0.5515947937965393
0.5184462666511536
0.6926789879798889
0.594763457775116
0.6169422268867493
0.6411235332489014
0.5961850881576538
0.5226857662200928
0.5210204124450684
0.49314257502555847
0.5505343079566956
0.3722040355205536
0.5599372386932373
0.7706982493400574
0.5666186809539795
0.5461422204971313
0.5146652460098267
0.4144085645675659
0.385551393032074
0.6154972314834595
0.4031465947628021
0.35678568482398987
0.6788456439971924
0.6453919410705566
0.28327643871307373
0.3628883361816406
0.5620071887969971
0.36375105381011963
0.349365770816803
0.5159872770309448
0.5876915454864502
0.5621512532234192
0.3808991312980652
0.5101673603057861
0.433663010597229
0.6130300164222717
0.6508306860923767
0.5357677340507507
0.5046772956848145
0.4472832679748535
0.5885075330734253
0.480723112821579
0.5852879285812378
0.5440832376480103
0.4345071315765381
0.45068463683128357
0.556010901927948
0.5109012126922607
0.3812495768070221
0.39536982774734497
0.296034038066864
0.4268342852592468
0.46137869358062744
0.4758008122444153
0.3386041820049286
0.440343976020813
0.5433200597763062
0.5312466621398926
0.34018558263778687
0.3893267810344696
0.5289302468299866
0.42709770798683167
0.5140882730484009
0.3498799204826355
0.5275064706802368
0.5596457123756409
0.5196126699447632
0.6074604988098145
0.8409217000007629
0.5868276357650757
0.7569721937179565
0.6921371221542358
0.5928141474723816
0.5608097910881042
0.3213193714618683
0.4183817505836487
0.4374970495700836
0.5607388615608215
0.6253055930137634
0.583437442779541
0.4192826747894287
0.38299453258514404
0.43699103593826294
0.5503503084182739
0.5455223321914673
0.48336413502693176
0.6505194902420044
0.6686451435089111
0.5120859146118164
0.4479391872882843
0.5420674085617065
0.5190775394439697
0.38104718923568726
0.5458852648735046
0.38019034266471863
0.415021687746048
0.3769109845161438
0.2980749309062958
0.360803484916687
0.4402177929878235
0.5551893711090088
0.7872520685195923
0.5587983131408691
0.5956478118896484
0.6323186755180359
0.5763604044914246
0.7237993478775024
0.7560570240020752
0.36790400743484497
0.6746605634689331
0.6681310534477234
0.40421122312545776
0.3806307017803192
0.5218122601509094
0.5142502784729004
0.5986735224723816
0.5149597525596619
0.44492027163505554
0.4099839925765991
0.3522694706916809
0.6701048612594604
0.6582136750221252
0.6459811925888062
0.6811960339546204
0.6660245060920715
0.6292619109153748
0.5406538248062134
0.4278404116630554
0.36930862069129944
0.3858906030654907
0.4899808168411255
0.39891812205314636
0.4271649122238159
0.49044400453567505
0.5411834716796875
0.6223652362823486
0.4092223048210144
0.4921945333480835
0.4948441982269287
0.4462672173976898
0.6568899154663086
0.45818161964416504
0.47828036546707153
0.6257120370864868
0.6292520761489868
0.4419662356376648
0.3752652406692505
0.4218085706233978
0.42075806856155396
0.66698157787323
0.6300724148750305
0.6056281924247742
0.6856808066368103
0.6051779389381409
0.8235464096069336
0.3666606545448303
0.42869365215301514
0.634190022945404
0.6079120635986328
0.5973516702651978
0.46825265884399414
0.3721482753753662
0.43303143978118896
0.5630209445953369
0.6277359127998352
0.453235387802124
0.32453471422195435
0.49491173028945923
0.4921439290046692
0.466813862323761
0.4740714132785797
0.4238665699958801
0.5865062475204468
0.5578445196151733
0.5564659237861633
0.37033364176750183
0.2968915104866028
0.36378228664398193
0.6031264066696167
0.60915607213974
0.27678290009498596
0.2385258674621582
0.6459615230560303
0.6045135259628296
0.6537898778915405
0.6756945252418518
0.6459262371063232
0.6508912444114685
0.8013290762901306
0.7582458853721619
0.31046032905578613
0.47422343492507935
0.5249226689338684
0.36356592178344727
0.32898861169815063
0.6537191271781921
0.519737958908081
0.40441250801086426
0.5051555037498474
0.19360846281051636
0.28321290016174316
0.36362001299858093
0.23233775794506073
0.5691503286361694
0.665645956993103
0.6649150848388672
0.6537752151489258
0.6841537356376648
0.5845504999160767
0.5571721792221069
0.6336949467658997
0.6708236932754517