0.32487809658050537
0.3106241524219513
0.2536531090736389
0.280767560005188
0.26235926151275635
0.25802743434906006
0.25200438499450684
0.2345070242881775
0.35735833644866943
0.23862645030021667
0.31630799174308777
0.2670499384403229
0.273146390914917
0.2159179151058197
0.3183005750179291
0.32053858041763306
0.285940557718277
0.2580518126487732
0.2750653624534607
0.2808239758014679
0.297538161277771
0.3726447820663452
0.3129659593105316
0.30188387632369995
0.23790529370307922
0.4165710210800171
0.3882240653038025
0.24336591362953186
0.39793068170547485
0.35608547925949097
0.32177644968032837
0.3740992248058319
0.18695446848869324
0.1936432272195816
0.25956642627716064
0.26615822315216064
0.2197759449481964
0.23315122723579407
0.1736581176519394
0.28202176094055176
0.2998749315738678
0.18661770224571228
0.2088589072227478
0.23237746953964233
0.25540924072265625
0.29687750339508057
0.2827192544937134
0.15042756497859955
0.26838576793670654
0.18709231913089752
0.21330782771110535
0.2786312401294708
0.246439129114151
0.1954861879348755
0.2641538977622986
0.2589327096939087
0.25365230441093445
0.23963668942451477
0.2628657817840576
0.2652258574962616
0.1781965047121048
0.17362943291664124
0.29277941584587097
0.3073696196079254
0.25017809867858887
0.3394966125488281
0.38460421562194824
0.39624273777008057
0.3199031949043274
0.37902116775512695
0.264289915561676
0.33778274059295654
0.3257506489753723
0.2708955407142639
0.34891486167907715
0.37153226137161255
0.19200672209262848
0.29507195949554443
0.31882402300834656
0.2756452262401581
0.3868963122367859
0.31695833802223206
0.2413122057914734
0.2739296555519104
0.27484601736068726
0.24271149933338165
0.29337647557258606
0.3229709267616272
0.3241305947303772
0.2837798595428467
0.33640730381011963
0.24667535722255707
0.27870985865592957
0.2584904730319977
0.3827705979347229
0.20294079184532166
0.15654408931732178
0.2705528140068054
0.20980530977249146
0.26001474261283875
0.30287593603134155
0.34923261404037476
0.21751931309700012
0.2994579076766968
0.3883664608001709
0.45205938816070557
0.3097703158855438
0.291023313999176
0.22390997409820557
0.33070433139801025
0.24987855553627014
0.22100746631622314
0.3288502097129822
0.309028685092926
0.3393864035606384
0.25106149911880493
0.33606866002082825
0.2786886692047119
0.26321277022361755
0.19625064730644226
0.20345652103424072
0.2416267991065979
0.254447877407074
0.30303943157196045
0.22323815524578094
0.19386695325374603
0.2880737781524658
0.12644945085048676
0.13667911291122437
0.2688333988189697
0.2233206182718277
0.10926024615764618
0.36232054233551025
0.3094218373298645
0.389626681804657
0.4531824588775635
0.36822888255119324
0.16007795929908752
0.3583374619483948
0.3190828263759613
0.25358280539512634
0.37277984619140625
0.33701685070991516
0.3056429326534271
0.35342109203338623
0.1690315306186676
0.12990820407867432
0.22336581349372864
0.20141905546188354
0.2392989993095398
0.22005873918533325
0.3393353819847107
0.26584357023239136
0.20003464818000793
0.14132735133171082
0.1950148046016693
0.20728081464767456
0.21281759440898895
0.2173921763896942
0.250042587518692
0.23572328686714172
0.20691834390163422
0.2650534510612488
0.2253371626138687
0.20518742501735687
0.23581281304359436
0.2994452714920044
0.34367460012435913
0.33568668365478516
0.36943134665489197
0.3378051519393921
0.27098530530929565
0.25022801756858826
0.2314416468143463
0.26629936695098877
0.1910199075937271
0.3090061545372009
0.27431637048721313
0.23756779730319977
0.3125879168510437
0.3689647912979126
0.29803580045700073
0.28923410177230835
0.2440692037343979
0.2743756175041199
0.28606629371643066
0.24005791544914246
0.408126562833786
0.3208066523075104
0.35878023505210876
0.3029080033302307
0.4314119815826416
0.36832886934280396
0.27695876359939575
0.35703569650650024
0.32123321294784546
0.32054170966148376
0.08929071575403214
0.19348517060279846
0.20836156606674194
0.2754841148853302
0.17939841747283936
0.2361091673374176
0.2098926305770874
0.3072434663772583
0.23434194922447205
0.23880526423454285
0.20760011672973633
0.19468140602111816
0.24209371209144592
0.3516179323196411
0.2946285009384155
0.1913721114397049
0.3113601803779602
0.262160062789917
0.2403281033039093
0.21270707249641418
0.18270525336265564
0.3804241418838501
0.28562861680984497
0.4248051643371582
0.28785988688468933
0.3173196315765381
0.24310700595378876
0.30466228723526
0.1860586702823639
0.28864070773124695
0.24911345541477203
0.3010605573654175
0.36259329319000244
0.3374064564704895
0.3139650225639343
0.29312580823898315
0.39484089612960815
0.3352639973163605
0.29700666666030884
0.3291124105453491
0.3243197500705719
0.40452805161476135
0.3927682042121887
0.3841050863265991
0.38279569149017334
0.22410954535007477
0.3514510989189148
0.2834521532058716
0.3049057126045227
0.25092220306396484
0.2372729331254959
0.2942495048046112
0.2412516176700592
0.3482111692428589
0.31370317935943604
0.29010701179504395
0.20866066217422485
0.22793053090572357
0.25822708010673523
0.24644337594509125
0.28269243240356445
0.13565677404403687
0.17382082343101501
0.249177485704422
0.2702966630458832
0.35600578784942627
0.3418067693710327
0.23046760261058807
0.2173852026462555
0.16294434666633606
0.22402554750442505
0.368436336517334
0.3359844386577606
0.25143489241600037
0.20208853483200073
0.25551456212997437
0.23219528794288635
0.30813413858413696
0.3167734444141388
0.25599348545074463
0.39481234550476074
0.08523886650800705
0.31850486993789673
0.2928096652030945
0.21006952226161957
0.2627689242362976
0.29684311151504517
0.3365003764629364
0.27289143204689026
0.23083782196044922
0.18851494789123535
0.24319179356098175
0.32298263907432556
0.26057589054107666
0.26520901918411255
0.28280961513519287
0.34733039140701294
0.20879550278186798
0.24408985674381256
0.19387274980545044
0.29627084732055664
0.22606340050697327
0.26899439096450806
0.1843034029006958
0.11979664862155914
0.28582996129989624
0.33812853693962097
0.28531599044799805
0.21900486946105957
0.2962889075279236
0.22634583711624146
0.2341097593307495
0.23903611302375793
0.22791419923305511
0.1729772537946701
0.3130180537700653
0.2626272439956665
0.34170639514923096
0.3647637367248535
0.22211162745952606
0.34562113881111145
0.28273606300354004
0.3093884587287903
0.22359119355678558
0.2705610394477844
0.3576316833496094
0.3688204288482666
0.27079328894615173
0.39340564608573914
0.25582849979400635
0.3485323190689087
0.29997339844703674
0.2657025456428528
0.2517145872116089
0.3313654661178589
0.30841064453125
0.16901908814907074
0.23458817601203918
0.2897864282131195
0.26382389664649963
0.24834458529949188
0.2229275107383728
0.28306376934051514
0.25099557638168335
0.2704165577888489
0.28066980838775635
0.17693254351615906
0.2506856620311737
0.37379980087280273
0.3757953345775604
0.2414519190788269
0.283311665058136
0.2566608190536499
0.35661858320236206
0.2323494851589203
0.2453612983226776
0.35992002487182617
0.20583456754684448
0.21467837691307068
0.17399300634860992
0.27735722064971924
0.2740931212902069
0.22969667613506317
0.22631937265396118
0.22809690237045288
0.34115174412727356
0.09599851071834564
0.11429668217897415
0.17830252647399902
0.24615289270877838
0.24355439841747284
0.22836025059223175
0.1521785855293274
0.23466619849205017
0.118360236287117
0.1991373598575592
0.25254911184310913
0.2640301585197449
0.24124611914157867
0.2281087338924408
0.247624933719635
0.3367231488227844
0.18888385593891144
0.15770620107650757
0.19820620119571686
0.06354531645774841
0.2852819561958313
0.2723977565765381
0.2670521140098572
0.3447231650352478
0.21328717470169067
0.29247212409973145
0.2792362570762634
0.24073414504528046
0.25801557302474976
0.26577135920524597
0.24463440477848053
0.32296615839004517
0.2685984969139099
0.27254951000213623
0.2358333170413971
0.2792356610298157
0.10252154618501663
0.2357667237520218
0.1771174818277359
0.21296405792236328
0.17302407324314117
0.3613320589065552
0.20534533262252808
0.23049873113632202
0.20658262073993683
0.26119446754455566
0.17289063334465027
0.14689210057258606
0.2746203541755676
0.30476993322372437
0.30483278632164
0.24404972791671753
0.19688887894153595
0.22587063908576965
0.26161766052246094
0.20182491838932037
0.3821380138397217
0.2303585410118103
0.1764177680015564
0.20569917559623718
0.3263929486274719
0.2757098078727722
0.2557377815246582
0.3289012312889099
0.29019695520401
0.25487077236175537
0.20324569940567017
0.23657727241516113
0.2622043192386627
0.21770092844963074
0.2645980715751648
0.2104025036096573
0.28456610441207886
0.2735332250595093
0.20692944526672363
0.27910253405570984
0.14333724975585938
0.21145819127559662
0.16145102679729462
0.27049922943115234
0.29179105162620544
0.2071124017238617
0.25823479890823364
0.26102226972579956
0.2534582316875458
0.2989821434020996
0.2956358790397644
0.2570571303367615
0.3009794354438782
0.18044385313987732
0.252527117729187
0.22073286771774292
0.2946069836616516
0.2480393946170807
0.31403282284736633
0.1724110245704651
0.3379663825035095
0.344413161277771
0.3738338351249695
0.25529298186302185
0.2932604253292084
0.29827210307121277
0.38427555561065674
0.3538546562194824
0.2738683819770813
0.21993990242481232
0.3221191465854645
0.350686639547348
0.198408842086792
0.2558320462703705
0.37763306498527527
0.23870553076267242
0.2524053454399109
0.28802862763404846
0.24019350111484528
0.3280644714832306
0.23415184020996094
0.2592737674713135
0.23195993900299072
0.2582423686981201
0.25296831130981445
0.13629163801670074
0.2034037709236145
0.16980651021003723
0.3270559310913086
0.25747185945510864
0.26093125343322754
0.24412912130355835
0.2728428244590759
0.20611268281936646
0.3106384873390198
0.20902429521083832
0.20808975398540497
0.16831034421920776
0.2327803522348404
0.305030882358551
0.27989935874938965
0.22017823159694672
0.1659243404865265
0.29710471630096436
0.1985478699207306
0.2248818278312683
0.251272052526474
0.26460951566696167
0.267051637172699
0.3166009187698364
0.23235833644866943
0.22941213846206665
0.29882848262786865
0.3755623400211334
0.30552375316619873
0.19151706993579865
0.27061229944229126
0.30723828077316284
0.23600828647613525
0.25849443674087524
0.34520262479782104
0.3292015790939331
0.35378536581993103
0.22203722596168518
0.3217524290084839
0.2837088406085968
0.30724507570266724
0.3803965151309967
0.32772183418273926
0.34097516536712646
0.32445189356803894
0.3777357041835785
0.315491259098053
0.2171260118484497
0.2747572064399719
0.19406384229660034
0.2704344391822815
0.16067570447921753
0.22185984253883362
0.22241666913032532
0.26779377460479736
0.21858885884284973
0.2666582465171814
0.21044816076755524
0.34791722893714905
0.29712754487991333
0.28906309604644775
0.2605409622192383
0.34482401609420776
0.26548004150390625
0.3351181149482727
0.30355405807495117
0.30056101083755493
0.24375110864639282
0.26504528522491455
0.32863715291023254
0.17137017846107483
0.3638700246810913
0.42507076263427734
0.3148233890533447
0.32952290773391724
0.416945219039917
0.22251993417739868
0.3053011894226074
0.27988970279693604
0.3602250814437866
0.25798696279525757
0.16125740110874176
0.24895086884498596
0.37277132272720337
0.2616085410118103
0.27809885144233704
0.2539156973361969
0.2547227740287781
0.2365214228630066
0.33916062116622925
0.33224382996559143
0.3252481520175934
0.2740505337715149
0.21893540024757385
0.25237250328063965
0.25900593400001526
0.27036750316619873
0.3062467575073242
0.30300551652908325
0.232927143573761
0.20393936336040497
0.1881435513496399
0.24566546082496643
0.3013409376144409
0.3716427683830261
0.2656397819519043
0.27595219016075134
0.25665050745010376
0.24314269423484802
0.21950484812259674
0.24408037960529327
0.25042590498924255
0.25885826349258423
0.329974889755249
0.20548215508460999
0.20164941251277924
0.2600102424621582
0.4010632336139679
0.2781972289085388
0.18891803920269012
0.32896625995635986
0.2666325271129608
0.27181023359298706
0.23870275914669037
0.26248955726623535
0.31190773844718933
0.25902584195137024
0.29231083393096924
0.31756189465522766
0.22029434144496918
0.23617292940616608
0.3142050504684448
0.2617425322532654
0.20704393088817596
0.2903136909008026
0.32918113470077515
0.3570442199707031
0.22271078824996948
0.2934826910495758
0.22870363295078278
0.2696804404258728
0.30800309777259827
0.2095494568347931
0.2590789794921875
0.2745582163333893
0.17584162950515747
0.23896357417106628
0.16029301285743713
0.20641961693763733
0.33402952551841736
0.3083602786064148
0.21522372961044312
0.20573917031288147
0.22354120016098022
0.1725093424320221
0.2745038866996765
0.26259222626686096
0.28259754180908203
0.24299612641334534
0.2158089578151703
0.24431999027729034
0.24718528985977173
0.28283634781837463
0.2269800901412964
0.24925445020198822
0.22340629994869232
0.2994087338447571
0.21199461817741394
0.22873897850513458
0.25594639778137207
0.26631128787994385
0.3365629315376282
0.25399404764175415
0.22188803553581238
0.21844154596328735
0.2731272280216217
0.2784024775028229
0.30624818801879883
0.22577831149101257
0.2217932641506195
0.30232328176498413
0.2497584968805313
0.0967566967010498
0.19315767288208008
0.1945044994354248
0.2519538700580597
0.2190501093864441
0.1738481968641281
0.14361074566841125
0.16962209343910217
0.17842993140220642
0.2255515158176422
0.18336638808250427
0.13801409304141998
0.12498490512371063
0.16660016775131226
0.1580824851989746
0.12873084843158722
0.13921649754047394
0.21262295544147491
0.20236073434352875
0.2835652828216553
0.17647740244865417
0.24542182683944702
0.18179363012313843
0.16218280792236328
0.308452844619751
0.14805182814598083
0.2957741618156433
0.1839359551668167
0.20197001099586487
0.288052499294281
0.294791042804718
0.23498624563217163
0.24558788537979126
0.28651517629623413
0.14970147609710693
0.14391033351421356
0.24548619985580444
0.3018145263195038
0.24893818795681
0.23398101329803467
0.19271081686019897
0.24467629194259644
0.2347899228334427
0.24032005667686462
0.20007973909378052
0.27524882555007935
0.34551623463630676
0.22252070903778076
0.22161653637886047
0.195909321308136
0.19216006994247437
0.2653293013572693
0.21629059314727783
0.2311479151248932
0.24114099144935608
0.2855689525604248
0.26838111877441406
0.3238741159439087
0.22517433762550354
0.23680363595485687
0.30267226696014404
0.19441169500350952
0.22243931889533997
0.2609897553920746
0.20295892655849457
0.3366967439651489
0.20118290185928345
0.17513620853424072
0.16767433285713196
0.21839426457881927
0.187529057264328
0.21627864241600037
0.19884125888347626
0.2711774706840515
0.21504691243171692
0.13225704431533813
0.3163056969642639
0.1976788341999054
0.19220185279846191
0.17798185348510742
0.16668841242790222
0.21568167209625244
0.2698810398578644
0.26231080293655396
0.16464537382125854
0.24016480147838593
0.2809094786643982
0.269308477640152
0.17758622765541077
0.30499976873397827
0.32312268018722534
0.3239900469779968
0.2992094159126282
0.2699175477027893
0.30582278966903687
0.3049544095993042
0.27032169699668884
0.26559147238731384
0.20630484819412231
0.26310062408447266
0.26692578196525574
0.16791905462741852
0.1698075234889984
0.2223644256591797
0.20619583129882812
0.18621614575386047
0.3560575246810913
0.3502250611782074
0.2091415971517563
0.2983810007572174
0.2408202588558197
0.17393912374973297
0.3430119454860687
0.29160627722740173
0.2496616542339325
0.2013292908668518
0.2029128223657608
0.22460663318634033
0.21814656257629395
0.3128418028354645
0.24331827461719513
0.2842009663581848
0.21436254680156708
0.19967150688171387
0.277957558631897
0.22115176916122437
0.23411473631858826
0.2270658016204834
0.28479549288749695
0.2531532049179077
0.3597131073474884
0.15130507946014404
0.15388505160808563
0.13371625542640686
0.18454650044441223
0.26620185375213623
0.2608349919319153
0.2531631588935852
0.19863684475421906
0.2010270208120346
0.22263839840888977
0.2661169469356537
0.15540729463100433
0.20307761430740356
0.20328769087791443
0.24613022804260254
0.18701007962226868
0.20773139595985413
0.23613950610160828
0.25003692507743835
0.23990926146507263
0.23883365094661713
0.20358137786388397
0.1537371575832367
0.1984262317419052
0.2096288949251175
0.2381996214389801
0.24009421467781067
0.24080930650234222
0.19103792309761047
0.2816470265388489
0.31102925539016724
0.2637488842010498
0.2159356325864792
0.263971745967865
0.25091981887817383
0.2651643753051758
0.28420600295066833
0.3416232466697693
0.2460613250732422
0.2594594657421112
0.3171751797199249
0.3167478144168854
0.3376604914665222
0.31631040573120117
0.33496183156967163
0.30568480491638184
0.35484930872917175
0.27895277738571167
0.2991556227207184
0.24892640113830566
0.33221420645713806
0.23392602801322937
0.2004903256893158
0.20919647812843323
0.2529614567756653
0.21356287598609924
0.2435394674539566
0.18940097093582153
0.20598438382148743
0.21810348331928253
0.20931431651115417
0.266771525144577
0.2440965622663498
0.2157684564590454
0.224204882979393
0.3472682237625122
0.2588760256767273
0.24985602498054504
0.2369883507490158
0.3569561839103699
0.286312997341156
0.28028619289398193
0.22408026456832886
0.2537490725517273
0.26036834716796875
0.28270232677459717
0.3735453486442566
0.14991728961467743
0.19773328304290771
0.15650808811187744
0.3132705092430115
0.33507755398750305
0.28095075488090515
0.30956506729125977
0.27816683053970337
0.18700964748859406
0.1970195472240448
0.2675636410713196
0.1501823365688324
0.27168017625808716
0.2925682067871094
0.35356783866882324
0.31363028287887573
0.39803004264831543
0.3207319378852844
0.2884078919887543
0.361645370721817
0.34834858775138855
0.3028497099876404
0.2906914949417114
0.20201817154884338
0.2790725827217102
0.23512190580368042
0.2269860804080963
0.3138108253479004
0.28581780195236206
0.22080159187316895
0.3231121003627777
0.2918931543827057
0.16696932911872864
0.2718733549118042
0.23270997405052185
0.21867217123508453
0.27971041202545166
0.23204180598258972
0.18330197036266327
0.26616472005844116
0.17629772424697876
0.2066398710012436
0.2971622347831726
0.26305344700813293
0.22125732898712158
0.22778770327568054
0.22793486714363098
0.18474018573760986
0.35590940713882446
0.27901357412338257
0.19706913828849792
0.17598123848438263
0.22554776072502136
0.2471989393234253
0.22058580815792084
0.2558702230453491
0.28625330328941345
0.30227914452552795
0.2957368791103363
0.3163793683052063
0.265744686126709
0.26759105920791626
0.3548920154571533
0.3422878384590149
0.25599297881126404
0.28977274894714355
0.32298627495765686
0.2389618307352066
0.29364004731178284
0.2424444556236267
0.2976759076118469
0.3200206756591797
0.3378404974937439
0.3254050612449646
0.3031529188156128
0.22260066866874695
0.17385704815387726
0.21219509840011597
0.25182145833969116
0.230609729886055
0.3318350613117218
0.21024172008037567
0.3225073218345642
0.31156572699546814
0.2491326630115509
0.1897893249988556
0.2395147979259491
0.22379378974437714
0.24812063574790955
0.2663438320159912
0.21067988872528076
0.3841281235218048
0.3205519914627075
0.2629022002220154
0.25532621145248413
0.28112637996673584
0.2578611373901367
0.22118189930915833
0.24988193809986115
0.19843986630439758
0.32414525747299194
0.27668219804763794
0.26494038105010986
0.24267002940177917
0.3009686768054962
0.3295813202857971
0.2872743010520935
0.2196960151195526
0.24301689863204956
0.23446732759475708
0.1707533299922943
0.24567800760269165
0.21502816677093506
0.30865171551704407
0.19221782684326172
0.309207558631897
0.23917225003242493
0.2565302550792694
0.3953897953033447
0.2904720604419708
0.18398523330688477
0.24773333966732025
0.08506829291582108
0.07120337337255478
0.19206595420837402
0.20242252945899963
0.16716927289962769
0.2329203188419342
0.24715325236320496
0.17813977599143982
0.20675727725028992
0.2208467721939087
0.20384730398654938
0.1668633222579956
0.15200111269950867
0.11761029064655304
0.1952018290758133
0.2290176898241043
0.14714089035987854
0.13316041231155396
0.24813660979270935
0.18843258917331696
0.27210304141044617
0.2372104525566101
0.2174842357635498
0.19640609622001648
0.23668181896209717
0.21016955375671387
0.23952631652355194
0.21533448994159698
0.20101197063922882
0.18735986948013306
0.14987711608409882
0.24666953086853027
0.2833368182182312
0.27998319268226624
0.29524439573287964
0.2800222635269165
0.19783851504325867
0.22941747307777405
0.23738844692707062
0.2263944149017334
0.2974760830402374
0.16834738850593567
0.2315208613872528
0.2811609208583832
0.2838215231895447
0.31983307003974915
0.17685213685035706
0.2027687281370163
0.26906347274780273
0.14692246913909912
0.14916746318340302
0.2692302167415619
0.2070518434047699
0.2598065733909607
0.24296723306179047
0.2140888273715973
0.23151597380638123
0.20445290207862854
0.17425398528575897
0.24860668182373047
0.23257431387901306
0.2532840967178345
0.26419034600257874
0.22674870491027832
0.2605893611907959
0.2185773253440857
0.17237044870853424
0.17922884225845337
0.171413391828537
0.21662521362304688
0.20708295702934265
0.20223456621170044
0.2183774709701538
0.23885546624660492
0.22804826498031616
0.2633744478225708
0.2292248010635376
0.1659424901008606
0.20138369500637054
0.1885317862033844
0.20204496383666992
0.13673420250415802
0.2769836187362671
0.16637113690376282
0.25967925786972046
0.2701198160648346
0.23187005519866943
0.20440232753753662
0.26850664615631104
0.2559230327606201
0.2519909739494324
0.13932441174983978
0.2648608684539795
0.25600749254226685
0.2239568531513214
0.2695310413837433
0.266137033700943
0.2611352503299713
0.240230530500412
0.2448050081729889
0.2984961271286011
0.2559152841567993
0.25261390209198
0.22883835434913635
0.1488392949104309
0.22069209814071655
0.21175561845302582
0.2397070825099945
0.22354426980018616
0.3112346827983856
0.3159622251987457
0.14922583103179932
0.2670375406742096
0.2842336893081665
0.3017227351665497
0.1847400963306427
0.21531540155410767
0.23858027160167694
0.3662738800048828
0.22358600795269012
0.2042660117149353
0.17888951301574707
0.2639461159706116
0.2129712551832199
0.23009121417999268
0.2470601499080658
0.2961491346359253
0.27576887607574463
0.26897260546684265
0.13913750648498535
0.09083007276058197
0.32084256410598755
0.3263208866119385
0.29803937673568726
0.225396066904068
0.17332959175109863
0.1934991031885147
0.2172931730747223
0.21929523348808289
0.27665266394615173
0.2861172556877136
0.2026810348033905
0.1818409413099289
0.15329158306121826
0.1555766761302948
0.25268006324768066
0.16163748502731323
0.19306133687496185
0.17802399396896362
0.22251573204994202
0.1548742651939392
0.20611417293548584
0.2754037380218506
0.21071648597717285
0.2575441002845764
0.22279468178749084
0.29142385721206665
0.2352573126554489
0.25537365674972534
0.26692748069763184
0.21472834050655365
0.27337372303009033
0.27185654640197754
0.21557363867759705
0.28010785579681396
0.20142456889152527
0.20491698384284973
0.24419596791267395
0.23630475997924805
0.2807743549346924
0.24575291574001312
0.21532666683197021
0.3348998427391052
0.26941609382629395
0.350530207157135
0.3568403720855713
0.23947802186012268
0.3091188669204712
0.24238155782222748
0.2570430636405945
0.27163445949554443
0.276056706905365
0.23068591952323914
0.19276247918605804
0.1884607970714569
0.18825814127922058
0.1669948697090149
0.37057870626449585
0.2691444754600525
0.15858592092990875
0.2775030732154846
0.28911519050598145
0.2173657864332199
0.2809503972530365
0.24504773318767548
0.2645149528980255
0.2675326466560364
0.29788950085639954
0.18140727281570435
0.389514684677124
0.35024529695510864
0.3270805776119232
0.3379286825656891
0.3689125180244446
0.3155028820037842
0.29169777035713196
0.3417895436286926
0.2445656955242157
0.2842041850090027
0.24930182099342346
0.23073604702949524
0.25526994466781616
0.2222268432378769
0.338935524225235
0.3928700089454651
0.318753182888031
0.39470911026000977
0.2656250596046448
0.25924789905548096
0.31118983030319214
0.24864652752876282
0.2177397906780243
0.2994638681411743
0.2771247625350952
0.33226436376571655
0.34796157479286194
0.23719188570976257
0.3319249153137207
0.21489602327346802
0.25895217061042786
0.2584240436553955
0.22031477093696594
0.29771462082862854
0.29131847620010376
0.3314923346042633
0.3250768780708313
0.28033122420310974
0.2750592529773712
0.25374385714530945
0.26612573862075806
0.2769702672958374
0.2684790790081024
0.22424140572547913
0.27378159761428833
0.2422451376914978
0.22013476490974426
0.27153921127319336
0.2758674621582031
0.268987774848938
0.24878205358982086
0.32728439569473267
0.392399400472641
0.27347615361213684
0.14384709298610687
0.2511409819126129
0.2311566025018692
0.2586180567741394
0.21262827515602112
0.3494369387626648
0.15107005834579468
0.3052486479282379
0.3767067790031433
0.28627753257751465
0.2858385443687439
0.2719106376171112
0.23974856734275818
0.19579821825027466
0.2957287132740021
0.3044013977050781
0.25576290488243103
0.2733984589576721
0.2797597050666809
0.2867720127105713
0.20585206151008606
0.200454443693161
0.20038682222366333
0.29803985357284546
0.3236592710018158
0.3036237955093384
0.3208305537700653
0.31406500935554504
0.2885269522666931
0.28386083245277405
0.21708565950393677
0.2499479055404663
0.23434630036354065
0.21859680116176605
0.23900078237056732
0.3140009045600891
0.3009328842163086
0.19202175736427307
0.2555203437805176
0.22560016810894012
0.19564983248710632
0.27075761556625366
0.26036906242370605
0.25266918540000916
0.29455602169036865
0.3459106981754303
0.24200911819934845
0.23573270440101624
0.3306809067726135
0.29632681608200073
0.3463997542858124
0.293806254863739
0.18805116415023804
0.2373219132423401
0.2880309820175171
0.23546826839447021
0.26642656326293945
0.2385231852531433
0.30251574516296387
0.33747240900993347
0.15650701522827148
0.22616899013519287
0.15594126284122467
0.2208453267812729
0.29717111587524414
0.3328530192375183
0.2614099383354187
0.2655719518661499
0.2658071517944336
0.15220654010772705
0.17962054908275604
0.16512912511825562
0.16011901199817657
0.17640277743339539
0.2076745331287384
0.18441975116729736
0.2617671489715576
0.15210089087486267
0.22526229918003082
0.1613318771123886
0.14099273085594177
0.22668927907943726
0.16925308108329773
0.1270197629928589
0.19564513862133026
0.15137943625450134
0.1829218566417694
0.1962420791387558
0.1748891919851303
0.15156573057174683
0.24517250061035156
0.17680786550045013
0.2166806161403656
0.2849476635456085
0.249226912856102
0.21479135751724243
0.23972296714782715
0.2462572157382965
0.20902293920516968
0.3384383022785187
0.33513131737709045
0.2651141583919525
0.3358839750289917
0.3704107999801636
0.17002439498901367
0.21394973993301392
0.1925746351480484
0.24349668622016907
0.2694999873638153
0.11755256354808807
0.24258872866630554
0.1907234936952591
0.2155521810054779
0.19336804747581482
0.24641534686088562
0.24327801167964935
0.1972975879907608
0.23073643445968628
0.2598538398742676
0.23742279410362244
0.31296831369400024
0.2253330945968628
0.345952570438385
0.2179904282093048
0.1719318926334381
0.20908457040786743
0.24444127082824707
0.20249000191688538
0.20463232696056366
0.1919824182987213
0.30113720893859863
0.18974784016609192
0.166294664144516
0.21857331693172455
0.1813366711139679
0.1793220490217209
0.13608217239379883
0.18175122141838074
0.19281083345413208
0.3129722774028778
0.344786673784256
0.2420007586479187
0.21224476397037506
0.26745176315307617
0.2596796751022339
0.20924657583236694
0.2511233687400818
0.2635282874107361
0.20146703720092773
0.18967768549919128
0.2908433973789215
0.21248143911361694
0.25432515144348145
0.20425628125667572
0.24551042914390564
0.26703792810440063
0.28689873218536377
0.27381789684295654
0.24966193735599518
0.329773873090744
0.30210256576538086
0.29426002502441406
0.3682308793067932
0.2217176854610443
0.2767789363861084
0.18576183915138245
0.2755795419216156
0.2240670770406723
0.25624772906303406
0.23172220587730408
0.28659361600875854
0.2987169027328491
0.3419775068759918
0.3523316979408264
0.3084748387336731
0.1973540186882019
0.16439172625541687
0.18479740619659424
0.19470876455307007
0.17933738231658936
0.16451230645179749
0.2338404655456543
0.26058489084243774
0.18901821970939636
0.1252603679895401
0.13329657912254333
0.16533413529396057
0.18534615635871887
0.09267592430114746
0.20771710574626923
0.16788512468338013
0.2344042956829071
0.19201847910881042
0.19676245748996735
0.16912059485912323
0.20182107388973236
0.2230968028306961
0.3375355005264282
0.22236496210098267
0.29153841733932495
0.22735819220542908
0.27987056970596313
0.2718942165374756
0.2555290162563324
0.22243884205818176
0.2756009101867676
0.21982452273368835
0.28735846281051636
0.36109012365341187
0.2899141311645508
0.32088565826416016
0.33973509073257446
0.33890682458877563
0.2645026445388794
0.21507705748081207
0.24407513439655304
0.23662573099136353
0.22899051010608673
0.19419851899147034
0.254235178232193
0.2665674686431885
0.18740370869636536
0.1955552101135254
0.2887972593307495
0.28613558411598206
0.18617606163024902
0.32886791229248047
0.2509443759918213
0.3084479570388794
0.33273565769195557
0.19516649842262268
0.19951938092708588
0.2776646912097931
0.22758430242538452
0.29072320461273193
0.33398813009262085
0.1406572312116623
0.11562737077474594
0.27504220604896545
0.22694964706897736
0.29693377017974854
0.23926906287670135
0.33099988102912903
0.3018462061882019
0.3915822505950928
0.27520865201950073
0.2599061131477356
0.26083022356033325
0.23802432417869568
0.26996034383773804
0.33768272399902344
0.26771417260169983
0.22398938238620758
0.20087143778800964
0.2221849113702774
0.207382470369339
0.27570128440856934
0.2885535657405853
0.31759682297706604
0.20876571536064148
0.3180510997772217
0.2546302080154419
0.21108946204185486
0.21881869435310364
0.226010262966156
0.25248146057128906
0.28564316034317017
0.19910968840122223
0.31202489137649536
0.25384730100631714
0.26271384954452515
0.23914270102977753
0.2600550651550293
0.19751186668872833
0.20145699381828308
0.22362564504146576
0.3627223074436188
0.31440937519073486
0.30191391706466675
0.25189006328582764
0.24661147594451904
0.3113318085670471
0.2877161502838135
0.29518595337867737
0.26878708600997925
0.2076561450958252
0.2229735404253006
0.25061485171318054
0.19754183292388916
0.26770564913749695
0.3064591586589813
0.24543051421642303
0.1408136934041977
0.16358378529548645
0.22847235202789307
0.17093859612941742
0.3122275471687317
0.2818109393119812
0.2426144927740097
0.21363434195518494
0.25644558668136597
0.22983033955097198
0.17593878507614136
0.15699832141399384
0.15657548606395721
0.22688071429729462
0.2847672700881958
0.3083898425102234
0.24845269322395325
0.25280889868736267
0.26681458950042725
0.14897513389587402
0.1902732253074646
0.1760677695274353
0.20090937614440918
0.17161604762077332
0.14973066747188568
0.1594046801328659
0.15854133665561676
0.18676355481147766
0.2175455093383789
0.2280489206314087
0.1549537181854248
0.21031063795089722
0.2718445658683777
0.2539145350456238
0.22696873545646667
0.2847699522972107
0.24044668674468994
0.2078341394662857
0.24256771802902222
0.271954745054245
0.23645853996276855
0.1890159547328949
0.2849918007850647
0.28657758235931396
0.2136455923318863
0.2124084234237671
0.2360861599445343
0.31061968207359314
0.32296836376190186
0.15176072716712952
0.20307514071464539
0.2734665870666504
0.29162129759788513
0.25179851055145264
0.1685357391834259
0.191979318857193
0.24910736083984375
0.24210350215435028
0.2275187373161316
0.23523390293121338
0.16962799429893494
0.21788150072097778
0.19255658984184265
0.2135019153356552
0.22545041143894196
0.19783246517181396
0.2778685986995697
0.26773688197135925
0.2684697210788727
0.2746414244174957
0.24215348064899445
0.29299551248550415
0.24563080072402954
0.24419847130775452
0.23007123172283173
0.2999265193939209